3 0.724361 0.186903 0.038454 0.236843
3 0.438163 0.240896 0.048559 0.274522
0 0.543731 0.463336 0.127805 0.433601
3 0.700911 0.107773 0.035239 0.157014
3 0.673888 0.109940 0.037586 0.175068
3 0.642133 0.125350 0.033750 0.177867
3 0.625296 0.142159 0.032977 0.214283
3 0.603798 0.153362 0.024275 0.208669
3 0.823860 0.207978 0.060296 0.130256
3 0.567347 0.160290 0.040802 0.256451
3 0.511350 0.169471 0.038445 0.221297
3 0.472977 0.218490 0.036889 0.280119
0 0.625024 0.037278 0.025372 0.058823
4 0.380606 0.724087 0.182471 0.490188
0 0.660262 0.054932 0.024437 0.053788
4 0.433860 0.494403 0.101021 0.305324
3 0.385697 0.233891 0.037595 0.229693
1 0.600296 0.152457 0.029294 0.193652
1 0.567013 0.169915 0.040821 0.222218
1 0.513316 0.182611 0.045258 0.247611
1 0.337137 0.232619 0.078111 0.195239
1 0.384175 0.267543 0.040830 0.306348
1 0.433879 0.246101 0.062128 0.311109
1 0.472490 0.223089 0.031069 0.268259
3 0.749461 0.574232 0.116689 0.372560
3 0.348106 0.268208 0.070487 0.259113
3 0.330091 0.432073 0.090849 0.323532
1 0.322934 0.446109 0.092300 0.342867
1 0.705472 0.105631 0.023082 0.134915
1 0.677514 0.111980 0.027510 0.147611
1 0.638464 0.135794 0.031069 0.179369
1 0.621598 0.148490 0.022185 0.201587
2 0.374327 0.715785 0.145563 0.471433
2 0.425802 0.484044 0.095859 0.331741
2 0.328616 0.453882 0.089637 0.373020
2 0.727147 0.191980 0.071851 0.217474
2 0.826078 0.222935 0.065706 0.165085
2 0.770177 0.540392 0.085200 0.380956
