3 0.287028 0.288532 0.068903 0.254881
3 0.362199 0.199573 0.059513 0.152662
3 0.406412 0.459309 0.149656 0.434317
3 0.503554 0.200282 0.035239 0.243703
3 0.527796 0.189078 0.024351 0.232491
2 0.713721 0.191980 0.054141 0.257133
2 0.396422 0.442773 0.127805 0.460324
2 0.832858 0.133276 0.040620 0.085495
2 0.832214 0.223729 0.040821 0.130154
4 0.460095 0.227594 0.064218 0.275904
3 0.716531 0.191109 0.054113 0.239625
3 0.826212 0.223387 0.044637 0.105034
2 0.774523 0.512619 0.074561 0.269846
1 0.285658 0.341348 0.092309 0.349215
1 0.365983 0.299283 0.066565 0.328567
1 0.456512 0.226263 0.059475 0.268259
1 0.495563 0.201664 0.052366 0.266672
1 0.526188 0.193729 0.040830 0.241280
1 0.553254 0.169915 0.034618 0.228567
1 0.588760 0.155631 0.041718 0.206348
1 0.258588 0.405631 0.082538 0.319044
1 0.616718 0.146109 0.037271 0.209522
3 0.556770 0.165964 0.035315 0.214283
1 0.677958 0.113567 0.028397 0.160307
1 0.701035 0.111980 0.024857 0.153959
3 0.764280 0.508447 0.099494 0.280034
3 0.677023 0.113447 0.025057 0.156860
3 0.619814 0.141391 0.032968 0.210222
3 0.589270 0.154693 0.029838 0.222833
3 0.254127 0.381655 0.098674 0.309522
0 0.658225 0.055324 0.021927 0.051809
0 0.631365 0.042901 0.037595 0.075631
