2 0.829175 0.222713 0.048998 0.139044
4 0.349699 0.207637 0.089666 0.247662
4 0.290673 0.169061 0.066975 0.150205
2 0.353626 0.694138 0.156565 0.533328
2 0.346174 0.448422 0.184256 0.186672
2 0.362681 0.360802 0.093721 0.137133
2 0.821193 0.517944 0.116088 0.497150
2 0.479303 0.607474 0.109695 0.329522
2 0.434571 0.781758 0.184256 0.419044
2 0.615100 0.758899 0.166155 0.468584
2 0.750363 0.176997 0.048989 0.200000
3 0.435496 0.233148 0.052023 0.331280
3 0.396479 0.294471 0.059122 0.236826
1 0.289031 0.372142 0.055029 0.204761
1 0.709733 0.108643 0.024847 0.150802
1 0.598344 0.144360 0.029284 0.219061
1 0.556188 0.172142 0.040830 0.239676
1 0.490506 0.217381 0.046145 0.276195
1 0.684881 0.109437 0.015983 0.155563
1 0.668015 0.110230 0.024847 0.166672
4 0.212925 0.348720 0.072643 0.318703
1 0.241102 0.306263 0.062128 0.222218
4 0.239599 0.393379 0.073779 0.412082
4 0.282729 0.370026 0.066966 0.235478
4 0.351403 0.581152 0.115782 0.588686
4 0.476260 0.587235 0.118053 0.397884
0 0.075573 0.415973 0.081450 0.196075
0 0.097896 0.663831 0.188731 0.484659
0 0.631598 0.051817 0.034456 0.100836
4 0.425181 0.777381 0.170267 0.445239
1 0.447901 0.122935 0.024847 0.052389
1 0.438583 0.255469 0.070124 0.301587
1 0.397758 0.298328 0.054141 0.225392
1 0.351603 0.211007 0.048817 0.193686
1 0.288588 0.197534 0.068340 0.147628
1 0.203383 0.257833 0.064781 0.150819
4 0.603387 0.752005 0.145286 0.495990
3 0.816221 0.520026 0.135573 0.439812
3 0.823316 0.218353 0.058330 0.107150
3 0.747252 0.168311 0.049656 0.184676
3 0.706656 0.104872 0.042567 0.187491
3 0.672758 0.108396 0.036260 0.152253
3 0.599442 0.149974 0.042586 0.224147
3 0.561221 0.164787 0.033893 0.225546
3 0.488707 0.214829 0.049666 0.288976
