4 0.559060 0.835904 0.170372 0.302457
3 0.655420 0.114036 0.037844 0.169164
3 0.685377 0.116152 0.022071 0.156468
3 0.489499 0.213422 0.040200 0.260802
3 0.460725 0.233865 0.028378 0.284761
3 0.438259 0.233148 0.052815 0.288993
3 0.397667 0.201416 0.055181 0.160648
4 0.600549 0.595350 0.139609 0.304488
4 0.269108 0.860606 0.191823 0.278788
1 0.663135 0.111817 0.034609 0.176195
1 0.429704 0.235631 0.048817 0.322218
1 0.401307 0.211024 0.055916 0.228567
1 0.344948 0.198328 0.065677 0.200000
1 0.297906 0.226101 0.078101 0.211109
1 0.233559 0.206263 0.041718 0.057133
1 0.200277 0.306271 0.085210 0.269846
1 0.262848 0.367372 0.098521 0.258737
2 0.744604 0.115179 0.032891 0.159676
2 0.829184 0.211015 0.038521 0.115887
2 0.334866 0.284923 0.042290 0.095785
2 0.409108 0.413498 0.072357 0.235290
2 0.476302 0.526109 0.095849 0.268908
2 0.339566 0.621894 0.109952 0.564710
2 0.422266 0.750469 0.141899 0.492440
2 0.597061 0.616860 0.100553 0.339488
2 0.550544 0.810111 0.163511 0.379778
2 0.254518 0.869770 0.195468 0.260461
0 0.621422 0.053916 0.037595 0.099437
0 0.101808 0.521007 0.108865 0.397747
1 0.686212 0.103089 0.020420 0.155563
1 0.459885 0.220555 0.041718 0.260324
4 0.479098 0.527355 0.103292 0.302457
3 0.699170 0.115444 0.021279 0.149420
3 0.709809 0.102756 0.029962 0.138140
3 0.725969 0.101348 0.021288 0.149420
4 0.570983 0.167039 0.064809 0.239539
4 0.345725 0.197483 0.079447 0.207048
4 0.287266 0.233003 0.091937 0.221263
4 0.189084 0.335512 0.104427 0.272014
4 0.278755 0.402509 0.108960 0.316689
4 0.347996 0.636971 0.102156 0.578549
4 0.436531 0.707005 0.127128 0.515614
3 0.826865 0.218353 0.044933 0.146604
3 0.745281 0.116852 0.033101 0.174795
1 0.491837 0.211032 0.054132 0.269846
1 0.576598 0.160239 0.049704 0.234915
1 0.712395 0.106263 0.019523 0.155563
1 0.699971 0.098328 0.021298 0.152389
