2 0.439179 0.733660 0.134389 0.499164
2 0.594241 0.589966 0.126861 0.305870
2 0.593306 0.824411 0.175735 0.334488
2 0.825425 0.197534 0.051689 0.142850
2 0.743669 0.111817 0.029132 0.163020
0 0.102982 0.518208 0.104933 0.380956
0 0.643349 0.051826 0.028187 0.078430
2 0.402529 0.421894 0.111832 0.302526
2 0.347085 0.641220 0.124990 0.583191
2 0.482409 0.525265 0.089284 0.277321
2 0.288817 0.863080 0.155057 0.250427
4 0.605086 0.812901 0.185019 0.374198
3 0.699957 0.121084 0.013406 0.166331
3 0.709418 0.103464 0.018130 0.176212
3 0.722028 0.102056 0.013406 0.164932
3 0.739370 0.116152 0.026011 0.187491
3 0.828836 0.218345 0.052023 0.129693
1 0.464323 0.229283 0.032844 0.290478
1 0.496274 0.211826 0.039933 0.265085
1 0.550854 0.178490 0.063922 0.249198
1 0.660029 0.114991 0.039046 0.163498
1 0.685768 0.104676 0.021307 0.161911
4 0.348559 0.231988 0.082863 0.231416
4 0.302591 0.211689 0.072643 0.154266
4 0.204962 0.309138 0.083969 0.316672
4 0.256054 0.353788 0.088540 0.300444
4 0.328130 0.331459 0.076050 0.158345
4 0.404747 0.385256 0.090811 0.229386
4 0.348564 0.639002 0.098750 0.574488
4 0.444475 0.746928 0.120324 0.506143
4 0.489895 0.558814 0.093111 0.332918
4 0.592032 0.570990 0.106698 0.272014
3 0.683402 0.119676 0.022853 0.174812
3 0.662514 0.126015 0.025219 0.198754
3 0.492252 0.202850 0.047290 0.281945
3 0.462696 0.224693 0.029170 0.288976
3 0.434714 0.233148 0.036260 0.322816
3 0.401207 0.208498 0.040200 0.174812
1 0.699971 0.104676 0.019523 0.155563
1 0.200277 0.307850 0.085210 0.253959
1 0.243321 0.212619 0.038168 0.076195
1 0.302786 0.217372 0.057691 0.180956
1 0.344948 0.203089 0.056803 0.196826
1 0.398645 0.211024 0.050592 0.200000
1 0.431484 0.239599 0.038158 0.285717
1 0.715501 0.103882 0.016861 0.153976
1 0.325864 0.309445 0.061250 0.136502
1 0.260181 0.383242 0.066565 0.290478
