1 0.557519 0.172935 0.043492 0.225392
2 0.379299 0.433575 0.097987 0.264761
2 0.334986 0.573191 0.119284 0.459044
2 0.234337 0.535094 0.096918 0.321894
2 0.463330 0.646519 0.133130 0.388567
2 0.598588 0.796049 0.139523 0.405717
2 0.416465 0.821758 0.186384 0.342867
2 0.813755 0.524642 0.116059 0.483754
2 0.824919 0.198899 0.048998 0.121894
1 0.288144 0.334838 0.049704 0.266672
1 0.705725 0.107056 0.025763 0.163498
1 0.685324 0.113404 0.022195 0.163498
1 0.669790 0.115785 0.024847 0.174608
1 0.644938 0.131664 0.035506 0.168242
1 0.521570 0.190392 0.033731 0.244437
1 0.483406 0.224522 0.037271 0.274608
1 0.438139 0.241186 0.039046 0.292065
1 0.398645 0.260230 0.047042 0.282543
1 0.351159 0.218166 0.056803 0.179369
1 0.283707 0.178490 0.035506 0.058720
1 0.245095 0.299915 0.038168 0.168259
1 0.202934 0.268968 0.051479 0.198413
0 0.198135 0.782918 0.185601 0.386553
0 0.765482 0.127449 0.050200 0.173669
0 0.631990 0.046911 0.033674 0.077031
3 0.824103 0.214829 0.056756 0.128294
3 0.706656 0.106988 0.031536 0.177628
3 0.681431 0.102048 0.033111 0.156485
3 0.670005 0.111920 0.029170 0.181860
4 0.429094 0.808148 0.189523 0.336126
4 0.593158 0.794838 0.133912 0.368345
4 0.446302 0.636544 0.144132 0.390836
4 0.232915 0.567253 0.097891 0.313720
4 0.324542 0.543439 0.083798 0.431382
4 0.380930 0.438396 0.082223 0.336143
4 0.334332 0.359966 0.062653 0.184881
4 0.283430 0.326348 0.059513 0.302526
4 0.258368 0.338259 0.064218 0.256314
4 0.202376 0.267534 0.105725 0.204488
4 0.300425 0.229155 0.061861 0.166672
3 0.519843 0.195094 0.044151 0.286160
3 0.556889 0.174650 0.031527 0.281928
3 0.353521 0.209189 0.067786 0.198754
3 0.397271 0.272628 0.051240 0.314369
3 0.428802 0.243020 0.035468 0.297440
3 0.486341 0.209889 0.043349 0.312952
3 0.647929 0.126015 0.033893 0.195956
3 0.806350 0.518618 0.104876 0.448294
