1 0.712839 0.095154 0.022185 0.139693
1 0.216698 0.310239 0.059466 0.265085
1 0.253526 0.380068 0.065677 0.290478
1 0.287700 0.221340 0.061240 0.188891
1 0.340954 0.203089 0.061240 0.165085
1 0.401307 0.240392 0.052366 0.258737
1 0.443912 0.242773 0.052366 0.304761
1 0.501159 0.207858 0.055029 0.273020
1 0.464323 0.227696 0.029294 0.274608
1 0.561050 0.183251 0.059504 0.242850
1 0.644051 0.130870 0.040830 0.182526
1 0.683550 0.103882 0.023969 0.153976
1 0.699971 0.099915 0.019523 0.158737
2 0.282801 0.861758 0.187452 0.232389
2 0.743445 0.113183 0.033015 0.167628
0 0.666842 0.056024 0.021927 0.064437
0 0.099456 0.508404 0.104160 0.380939
2 0.824389 0.221758 0.060706 0.167611
2 0.404218 0.504616 0.102252 0.401894
2 0.339781 0.336997 0.073492 0.177133
2 0.321145 0.630324 0.140592 0.561911
2 0.492085 0.618908 0.099055 0.489522
2 0.438831 0.721758 0.122490 0.466655
2 0.593798 0.554138 0.112901 0.337150
2 0.580487 0.806118 0.205553 0.387765
2 0.878187 0.404616 0.125649 0.323805
4 0.321889 0.607534 0.111240 0.531860
4 0.249809 0.390333 0.073779 0.324795
4 0.219165 0.337543 0.087395 0.280137
3 0.432347 0.248660 0.044141 0.334113
3 0.399241 0.248660 0.045716 0.263601
3 0.454418 0.217645 0.048874 0.300273
3 0.500921 0.220469 0.050448 0.266433
3 0.644385 0.129548 0.037834 0.197355
3 0.710992 0.097824 0.018130 0.150836
3 0.697199 0.105572 0.017338 0.160700
3 0.681827 0.109104 0.022853 0.156468
3 0.744890 0.121783 0.032319 0.142372
3 0.827653 0.226109 0.055973 0.125461
3 0.878888 0.422765 0.087490 0.324232
4 0.282729 0.873797 0.191832 0.252406
4 0.433693 0.725273 0.166851 0.446587
4 0.355148 0.219974 0.083998 0.188720
4 0.288969 0.218823 0.054485 0.172594
4 0.613034 0.851468 0.175935 0.297065
4 0.586360 0.602457 0.108960 0.302457
4 0.475692 0.580128 0.103292 0.343055
4 0.410992 0.449198 0.080592 0.251706
