1 0.281932 0.216578 0.062128 0.182543
1 0.279714 0.372935 0.070115 0.203174
3 0.393325 0.268396 0.055964 0.266416
3 0.429981 0.245836 0.048874 0.311536
3 0.457180 0.230333 0.040200 0.294625
3 0.502896 0.219053 0.055964 0.294625
3 0.572657 0.158439 0.034685 0.221314
3 0.600635 0.140111 0.048082 0.232611
3 0.716116 0.117560 0.031527 0.181843
3 0.699170 0.115444 0.038626 0.166348
3 0.681040 0.107696 0.038626 0.176212
3 0.833173 0.217654 0.055964 0.100085
3 0.755530 0.243729 0.070945 0.214283
3 0.785878 0.498882 0.119027 0.405990
0 0.771002 0.099445 0.042290 0.089642
0 0.636689 0.056715 0.043073 0.096638
0 0.053645 0.378857 0.079885 0.312321
0 0.099852 0.529411 0.092414 0.352952
2 0.730663 0.128422 0.037281 0.175239
2 0.832906 0.205572 0.052185 0.097150
2 0.587944 0.756997 0.143788 0.441911
1 0.682662 0.111024 0.025744 0.149215
1 0.225568 0.312611 0.084323 0.247611
2 0.323802 0.450324 0.116097 0.240000
2 0.331260 0.685572 0.156565 0.584761
2 0.486760 0.595085 0.103311 0.320000
2 0.438302 0.791280 0.157634 0.407611
2 0.748769 0.258899 0.060706 0.268584
2 0.782314 0.506519 0.125677 0.485700
2 0.383449 0.430324 0.105448 0.329522
4 0.584089 0.756067 0.177071 0.487867
4 0.357075 0.611596 0.120315 0.564317
4 0.274213 0.405546 0.065830 0.318703
4 0.230515 0.407577 0.110095 0.416143
4 0.283865 0.250265 0.076050 0.227355
1 0.496722 0.209445 0.051479 0.260324
1 0.569499 0.168174 0.033731 0.225392
1 0.600563 0.138012 0.044370 0.222235
1 0.700415 0.103882 0.016861 0.153976
1 0.462548 0.229283 0.036393 0.274608
1 0.432371 0.261024 0.048807 0.300000
4 0.337781 0.227935 0.077185 0.255768
1 0.326312 0.211024 0.051479 0.206348
4 0.460935 0.595350 0.123721 0.397867
1 0.393321 0.268968 0.059466 0.252372
4 0.426880 0.787526 0.175935 0.424949
