3 0.751193 0.129539 0.035477 0.191706
1 0.717276 0.120555 0.029284 0.158720
1 0.683550 0.117372 0.023969 0.165085
1 0.660029 0.115785 0.024847 0.155563
1 0.593015 0.146741 0.041718 0.223823
1 0.544203 0.182457 0.038158 0.231741
1 0.507815 0.221348 0.048817 0.258737
1 0.443473 0.249147 0.055038 0.317406
1 0.401751 0.276903 0.060353 0.331758
1 0.341398 0.197560 0.067452 0.214232
1 0.238440 0.172935 0.042605 0.060307
1 0.227347 0.315009 0.082538 0.226945
1 0.280157 0.219761 0.042605 0.074608
1 0.289919 0.361826 0.049704 0.206348
2 0.752987 0.133754 0.036031 0.175085
2 0.807805 0.147065 0.036031 0.156860
3 0.831198 0.214821 0.069361 0.122645
3 0.712567 0.128131 0.038626 0.171997
3 0.804795 0.144343 0.052815 0.164932
3 0.663306 0.109804 0.026803 0.177628
3 0.681040 0.119667 0.037042 0.191724
3 0.593149 0.151391 0.047290 0.238242
3 0.541913 0.186638 0.048865 0.255154
3 0.505654 0.214121 0.064628 0.279130
3 0.446536 0.235265 0.059905 0.321416
3 0.399241 0.273328 0.077242 0.335495
0 0.093197 0.521007 0.108855 0.361331
0 0.631990 0.051118 0.030544 0.102235
2 0.448950 0.772235 0.153378 0.422867
2 0.797762 0.549377 0.120353 0.495239
2 0.832906 0.214138 0.052185 0.125717
2 0.265224 0.859454 0.188521 0.281092
2 0.585811 0.712227 0.143779 0.504761
2 0.457471 0.586519 0.127805 0.325700
2 0.324866 0.649377 0.156565 0.474283
4 0.256617 0.877858 0.205448 0.244283
4 0.435964 0.791587 0.166851 0.416826
3 0.798879 0.555973 0.115086 0.415870
4 0.597142 0.741852 0.141880 0.516297
4 0.459800 0.602457 0.135076 0.408020
4 0.334375 0.611596 0.136212 0.515614
4 0.323020 0.342619 0.131670 0.168481
4 0.295782 0.268524 0.068111 0.142099
4 0.241865 0.330444 0.066975 0.355256
4 0.337214 0.226920 0.073779 0.278106
