2 0.826517 0.214138 0.050057 0.133328
0 0.646479 0.047619 0.023492 0.078447
0 0.664494 0.054625 0.018798 0.067235
0 0.772958 0.105043 0.047767 0.131655
2 0.672080 0.869923 0.184256 0.260154
2 0.499008 0.857543 0.174676 0.284915
2 0.272147 0.884616 0.189580 0.224761
2 0.430844 0.698908 0.110773 0.409522
2 0.341908 0.615094 0.116088 0.546672
2 0.561846 0.684616 0.112891 0.476195
2 0.478240 0.533183 0.096918 0.306672
2 0.405816 0.392235 0.103311 0.249522
2 0.337118 0.340802 0.068168 0.161911
0 0.090453 0.520307 0.119036 0.379556
2 0.762185 0.273567 0.077748 0.291433
1 0.733698 0.119761 0.028406 0.150785
1 0.703077 0.112611 0.023960 0.161911
1 0.684437 0.109437 0.023969 0.158737
1 0.607662 0.144369 0.044370 0.206348
4 0.561956 0.704974 0.114637 0.487184
3 0.763802 0.273328 0.076460 0.259386
3 0.499346 0.207073 0.050448 0.262201
3 0.448521 0.245870 0.062309 0.303140
4 0.434819 0.742491 0.135095 0.395904
4 0.327567 0.633925 0.145286 0.483140
4 0.413263 0.425845 0.112366 0.274044
4 0.334938 0.373080 0.048807 0.180666
4 0.251512 0.406570 0.086269 0.296382
4 0.350262 0.228942 0.077185 0.229386
4 0.279323 0.253311 0.089676 0.249693
4 0.212357 0.343643 0.080592 0.316672
4 0.503497 0.879889 0.186155 0.240222
3 0.828836 0.225401 0.053607 0.121246
3 0.684976 0.114036 0.019704 0.188891
3 0.405153 0.210597 0.051240 0.195939
3 0.703106 0.097125 0.019704 0.155068
3 0.734246 0.116852 0.034676 0.140973
3 0.611279 0.149983 0.040992 0.221331
1 0.570363 0.166570 0.047977 0.231775
1 0.443912 0.245154 0.048817 0.309522
1 0.258855 0.380077 0.088760 0.265068
1 0.470534 0.220555 0.029294 0.276195
1 0.216694 0.298328 0.073674 0.234915
1 0.287700 0.206263 0.068340 0.165085
1 0.348941 0.242782 0.073664 0.196826
1 0.407075 0.218166 0.051479 0.195239
1 0.500716 0.213413 0.043492 0.265085
