1 0.292758 0.311980 0.074561 0.192048
1 0.224413 0.342142 0.056803 0.195239
1 0.613626 0.139787 0.038130 0.203123
2 0.347233 0.472227 0.094790 0.245717
2 0.828115 0.218899 0.068158 0.158106
2 0.808411 0.459855 0.088406 0.388584
2 0.500072 0.870324 0.170410 0.241911
2 0.450544 0.736041 0.139523 0.327611
2 0.279074 0.904616 0.145916 0.188584
2 0.267886 0.743660 0.183197 0.411416
3 0.716994 0.116689 0.018244 0.176758
2 0.321140 0.548422 0.149113 0.253328
3 0.733526 0.105137 0.024704 0.145495
3 0.534528 0.186724 0.044094 0.243379
3 0.477242 0.227509 0.042195 0.267850
3 0.435234 0.253345 0.038769 0.292321
3 0.401784 0.279172 0.057023 0.304556
3 0.359399 0.220367 0.062729 0.186945
1 0.359327 0.347696 0.053254 0.133345
1 0.718344 0.096903 0.016861 0.152372
1 0.700587 0.100077 0.016861 0.168242
1 0.681064 0.108012 0.032834 0.171416
1 0.440091 0.247688 0.031956 0.279369
1 0.400596 0.264360 0.047032 0.287287
1 0.352672 0.209599 0.063015 0.158720
1 0.278535 0.183422 0.046193 0.109505
1 0.504885 0.204838 0.033721 0.238106
1 0.650887 0.150870 0.038168 0.206348
1 0.476927 0.234198 0.041718 0.271433
3 0.808721 0.481681 0.085134 0.397867
1 0.191579 0.250077 0.046155 0.144454
0 0.641384 0.049036 0.035248 0.086809
0 0.726713 0.097338 0.029055 0.149863
4 0.281083 0.222005 0.057948 0.138652
4 0.189843 0.271732 0.077529 0.179266
4 0.225086 0.365563 0.085363 0.229693
4 0.330415 0.464309 0.095544 0.253498
4 0.312405 0.584053 0.123740 0.358549
4 0.261894 0.729010 0.165239 0.390751
4 0.431050 0.776630 0.171508 0.376741
4 0.512495 0.882381 0.179342 0.170870
3 0.700835 0.108532 0.020143 0.175392
3 0.678406 0.109556 0.033073 0.157031
3 0.648569 0.154087 0.034218 0.194420
3 0.616894 0.128464 0.046536 0.174573
3 0.830291 0.212713 0.051078 0.148191
1 0.538612 0.172295 0.046155 0.252372
4 0.303402 0.337560 0.094761 0.238089
4 0.379757 0.380273 0.083006 0.217099
