1 0.203469 0.321792 0.078998 0.247679
3 0.779051 0.495102 0.097739 0.364710
3 0.828860 0.201826 0.056384 0.137816
3 0.615391 0.141177 0.043073 0.194676
1 0.473822 0.236578 0.049704 0.273020
3 0.316307 0.221706 0.061870 0.193276
3 0.415377 0.223805 0.070487 0.222696
3 0.441221 0.221007 0.048550 0.278703
3 0.476851 0.234317 0.058740 0.277304
1 0.698812 0.107218 0.020410 0.160307
1 0.683726 0.114360 0.022185 0.146024
1 0.606064 0.144522 0.031956 0.196826
1 0.573669 0.155631 0.038158 0.209522
1 0.531512 0.183404 0.033731 0.249198
1 0.503998 0.215154 0.033721 0.246041
3 0.510921 0.203498 0.046994 0.240887
3 0.535196 0.173387 0.050124 0.242304
3 0.588058 0.161485 0.047777 0.238089
3 0.722366 0.167090 0.046985 0.182065
3 0.685558 0.112466 0.029761 0.168072
3 0.701613 0.090060 0.022710 0.131655
3 0.717667 0.048046 0.025067 0.058823
1 0.434323 0.247696 0.032844 0.273003
1 0.397490 0.203251 0.065687 0.152372
1 0.309623 0.250077 0.053254 0.176195
1 0.258588 0.363567 0.084313 0.253959
2 0.724909 0.162611 0.055029 0.193652
2 0.388526 0.403089 0.131365 0.309522
2 0.333497 0.484838 0.092300 0.177765
2 0.376990 0.639599 0.147338 0.315887
2 0.242524 0.691980 0.130468 0.300000
2 0.200363 0.834044 0.202366 0.234915
2 0.378760 0.852295 0.131355 0.182543
2 0.772834 0.492773 0.099408 0.317457
2 0.825205 0.218959 0.049704 0.125392
0 0.783325 0.152329 0.047090 0.191758
0 0.642409 0.044846 0.035716 0.077304
0 0.663082 0.056613 0.024427 0.077321
4 0.403640 0.882372 0.157414 0.218498
4 0.225477 0.841775 0.181679 0.285734
4 0.243096 0.646382 0.093197 0.161058
4 0.375840 0.626775 0.144103 0.281502
4 0.401684 0.411783 0.136269 0.282918
4 0.262285 0.371869 0.095544 0.278720
4 0.200420 0.315845 0.065782 0.219881
4 0.338249 0.361374 0.059513 0.212884
