3 0.831145 0.214292 0.062653 0.134454
1 0.279890 0.388174 0.077223 0.306348
1 0.454289 0.231817 0.051479 0.282543
1 0.524413 0.186553 0.042605 0.268328
1 0.576331 0.106425 0.029284 0.098413
1 0.602958 0.096903 0.022195 0.088891
1 0.620267 0.116741 0.021298 0.125392
2 0.359699 0.581348 0.119781 0.325392
2 0.428865 0.748328 0.162519 0.403174
2 0.788368 0.516578 0.077214 0.330154
2 0.826536 0.226903 0.059466 0.144454
3 0.793946 0.478294 0.101021 0.278703
3 0.711980 0.114718 0.036708 0.151655
3 0.679575 0.120794 0.030811 0.167048
3 0.642605 0.131340 0.036737 0.192986
3 0.624284 0.120845 0.029008 0.184795
3 0.607061 0.096937 0.025382 0.124010
3 0.576469 0.096527 0.041240 0.090768
3 0.582591 0.245213 0.068884 0.265102
3 0.525410 0.182005 0.046202 0.260358
3 0.485038 0.221852 0.036107 0.281519
3 0.452968 0.232355 0.050115 0.310922
3 0.419680 0.247056 0.055601 0.287116
3 0.362514 0.218353 0.075964 0.173669
4 0.355468 0.581800 0.105725 0.326331
1 0.639346 0.111186 0.023960 0.142850
0 0.628311 0.311237 0.116527 0.294113
2 0.587433 0.238123 0.064847 0.282355
0 0.628783 0.051570 0.040410 0.090751
0 0.661670 0.058294 0.023492 0.070580
4 0.385620 0.371015 0.123721 0.285717
1 0.681951 0.114360 0.032834 0.142850
4 0.416899 0.756869 0.191164 0.485990
3 0.209804 0.354206 0.080658 0.254898
4 0.288898 0.377304 0.097891 0.306724
1 0.710797 0.112773 0.033731 0.152372
1 0.490682 0.222295 0.042605 0.269846
1 0.412137 0.253285 0.061240 0.284044
1 0.357109 0.196109 0.061240 0.122218
1 0.207996 0.355631 0.073664 0.244437
