0 0.733373 0.100145 0.029838 0.141451
0 0.644132 0.042713 0.036031 0.082628
4 0.276379 0.358567 0.095544 0.313720
4 0.372686 0.470640 0.109685 0.366877
4 0.339814 0.539241 0.137834 0.294113
4 0.306923 0.729019 0.169151 0.359949
4 0.462376 0.759130 0.146450 0.414573
4 0.539905 0.869761 0.173073 0.260478
4 0.348430 0.891468 0.194227 0.217065
4 0.277557 0.209411 0.072824 0.172270
4 0.190625 0.273831 0.075964 0.250700
1 0.442309 0.243720 0.034618 0.303174
1 0.202214 0.264360 0.071031 0.204761
1 0.281665 0.213524 0.068349 0.163567
1 0.355778 0.219923 0.067452 0.204761
1 0.405926 0.261186 0.048817 0.309539
1 0.478259 0.227850 0.047929 0.287304
1 0.508435 0.195316 0.039046 0.257150
1 0.548373 0.164360 0.035506 0.246024
1 0.609170 0.142935 0.036393 0.196826
1 0.657099 0.125469 0.032844 0.161894
1 0.680620 0.113567 0.023073 0.160307
1 0.703698 0.107218 0.023082 0.160307
1 0.266131 0.361980 0.088750 0.260307
2 0.826517 0.210324 0.056450 0.160000
2 0.808941 0.447474 0.076679 0.382867
2 0.344041 0.550333 0.113960 0.295239
2 0.376527 0.469377 0.102252 0.297150
2 0.297710 0.696997 0.176794 0.363823
2 0.451078 0.729377 0.117156 0.375239
2 0.336589 0.891280 0.192777 0.211433
2 0.521908 0.852235 0.184256 0.293345
3 0.807448 0.460085 0.066784 0.355358
3 0.831531 0.198703 0.038311 0.141945
3 0.712199 0.110597 0.030658 0.173276
3 0.700157 0.098857 0.021899 0.151741
3 0.679084 0.123328 0.027920 0.196758
3 0.658282 0.137031 0.039962 0.183072
3 0.613125 0.136544 0.045983 0.187969
3 0.549079 0.167867 0.039418 0.246689
3 0.507753 0.195768 0.042147 0.230068
3 0.477094 0.234923 0.056384 0.282918
3 0.440969 0.252099 0.049819 0.293618
3 0.408674 0.263805 0.057481 0.313276
3 0.353874 0.227841 0.056336 0.205648
