2 0.365892 0.448328 0.126918 0.212696
2 0.371217 0.348328 0.109170 0.215870
0 0.664490 0.045111 0.029132 0.090222
0 0.641469 0.051570 0.033836 0.090751
0 0.766455 0.117116 0.067662 0.147884
2 0.253173 0.637218 0.162414 0.247611
2 0.360124 0.616578 0.175744 0.301587
2 0.220773 0.813404 0.220115 0.263498
2 0.798292 0.400802 0.068168 0.331433
2 0.746636 0.247474 0.058578 0.280000
2 0.829179 0.214138 0.048989 0.125717
2 0.410668 0.839599 0.127901 0.220631
1 0.678402 0.112773 0.031059 0.158720
1 0.223869 0.359906 0.091441 0.263498
1 0.296756 0.381032 0.059466 0.260324
1 0.244833 0.229437 0.051479 0.119044
1 0.346455 0.191305 0.066574 0.119130
1 0.400596 0.246109 0.045258 0.244437
1 0.435654 0.243720 0.033731 0.277782
1 0.476040 0.237372 0.043492 0.284130
1 0.503554 0.208012 0.034609 0.247628
1 0.532400 0.181817 0.035506 0.246024
1 0.578550 0.161186 0.037271 0.214283
1 0.612719 0.137381 0.034618 0.192065
1 0.697481 0.104838 0.017748 0.152372
1 0.712572 0.095316 0.017758 0.133328
4 0.249776 0.245836 0.097071 0.225461
4 0.241923 0.385179 0.098674 0.285717
4 0.261894 0.736715 0.144876 0.350154
4 0.199246 0.839650 0.171508 0.287116
4 0.407948 0.862073 0.194218 0.250700
4 0.369184 0.603592 0.144876 0.350290
4 0.377405 0.364795 0.144103 0.270444
3 0.824566 0.223805 0.050906 0.121843
3 0.340196 0.218908 0.067357 0.162457
3 0.405587 0.267227 0.079094 0.301109
3 0.448268 0.258123 0.037586 0.308123
3 0.481159 0.228712 0.048559 0.280119
3 0.510525 0.207705 0.038378 0.235307
3 0.527366 0.162884 0.061088 0.238089
3 0.588449 0.165683 0.043865 0.224096
3 0.606465 0.128575 0.034456 0.183464
3 0.677333 0.105461 0.032109 0.145666
3 0.712185 0.083754 0.026622 0.130239
3 0.700439 0.102662 0.025057 0.162457
3 0.746641 0.242022 0.061088 0.211485
3 0.797863 0.380666 0.111985 0.309522
