1 0.439203 0.249275 0.031956 0.282543
1 0.400153 0.222304 0.047920 0.222218
1 0.356212 0.181024 0.055935 0.123823
1 0.267018 0.208012 0.063903 0.104761
1 0.342018 0.265162 0.064800 0.104761
1 0.263469 0.363567 0.074552 0.231741
1 0.195573 0.315162 0.077214 0.198413
3 0.443621 0.258823 0.041765 0.315119
3 0.407075 0.262321 0.052204 0.289454
3 0.351279 0.222065 0.102462 0.164573
4 0.256803 0.233217 0.104943 0.183464
4 0.197681 0.310913 0.104141 0.212952
4 0.270506 0.353660 0.085363 0.239505
4 0.377796 0.439096 0.111985 0.281502
1 0.701479 0.109599 0.022195 0.152372
1 0.678402 0.115154 0.022185 0.153959
3 0.486369 0.235478 0.060697 0.254437
3 0.497791 0.195802 0.054819 0.242765
3 0.529442 0.187637 0.043731 0.240427
3 0.613631 0.143276 0.030677 0.196075
3 0.604165 0.161954 0.044380 0.203089
3 0.719680 0.089002 0.020887 0.134215
3 0.704995 0.124608 0.034590 0.165734
3 0.681827 0.117014 0.031326 0.159898
3 0.824423 0.216220 0.054170 0.131894
3 0.820177 0.460503 0.087700 0.371143
1 0.602958 0.155631 0.027519 0.215870
1 0.532400 0.184198 0.037281 0.247611
1 0.499556 0.197696 0.040830 0.242867
1 0.476927 0.237372 0.041718 0.265085
0 0.722338 0.095316 0.023073 0.146024
4 0.402863 0.814445 0.173073 0.340324
4 0.290477 0.676485 0.144103 0.383754
0 0.662925 0.052526 0.026632 0.071433
0 0.639432 0.047619 0.026632 0.084044
4 0.334332 0.530836 0.167595 0.302526
4 0.225086 0.804650 0.163683 0.365546
2 0.362681 0.412235 0.112901 0.156177
2 0.434041 0.802713 0.174666 0.388567
2 0.823321 0.467474 0.086279 0.358089
2 0.822791 0.219855 0.053254 0.121894
2 0.222624 0.794138 0.180000 0.390461
2 0.281202 0.662705 0.141660 0.356195
2 0.355224 0.539846 0.129933 0.289522
