3 0.768612 0.527944 0.076823 0.325068
3 0.680119 0.111971 0.029838 0.176604
3 0.637824 0.135154 0.039237 0.205870
3 0.603760 0.151894 0.044714 0.217235
3 0.580262 0.170094 0.029055 0.217218
3 0.544241 0.176399 0.036880 0.266246
3 0.338316 0.777304 0.177777 0.383754
3 0.349671 0.305324 0.087719 0.347338
3 0.263526 0.614846 0.123731 0.361331
3 0.395052 0.306724 0.051765 0.355734
3 0.438521 0.249932 0.060382 0.295666
4 0.473760 0.221288 0.049408 0.274522
3 0.508607 0.184172 0.045496 0.245102
3 0.822686 0.217082 0.057948 0.120444
3 0.790577 0.192568 0.054819 0.197457
3 0.710658 0.107773 0.032977 0.157014
1 0.636240 0.138174 0.033721 0.193652
1 0.576331 0.172270 0.036384 0.230205
1 0.540830 0.188166 0.038168 0.233328
1 0.502219 0.200077 0.040830 0.276195
1 0.466279 0.227056 0.039943 0.269846
1 0.431217 0.248481 0.060353 0.300000
1 0.389055 0.273891 0.043492 0.312696
1 0.339800 0.303285 0.083435 0.352304
2 0.777719 0.541186 0.086088 0.350802
2 0.345921 0.764991 0.147338 0.373020
2 0.264270 0.641980 0.145563 0.431741
1 0.709022 0.109599 0.026632 0.149198
1 0.679289 0.110392 0.038158 0.166655
1 0.604733 0.149283 0.031069 0.206348
2 0.829198 0.215785 0.038168 0.115870
2 0.798573 0.178481 0.044380 0.190478
0 0.479828 0.734189 0.135324 0.531621
0 0.661675 0.050725 0.021613 0.058823
0 0.625964 0.033754 0.019733 0.062184
