1 0.500000 0.145316 0.043492 0.160324
1 0.463168 0.225469 0.040821 0.279369
1 0.425005 0.258805 0.072777 0.298396
1 0.350005 0.298490 0.068349 0.336502
1 0.290539 0.344522 0.077223 0.368259
2 0.765291 0.517372 0.107395 0.338089
2 0.844728 0.137218 0.040830 0.126997
2 0.824761 0.226109 0.054141 0.158737
2 0.511011 0.405469 0.104733 0.450802
1 0.702366 0.109599 0.029294 0.139676
1 0.679289 0.113567 0.027510 0.166655
1 0.640682 0.129445 0.039055 0.188891
1 0.591865 0.152457 0.035506 0.196826
1 0.550592 0.168328 0.023969 0.212696
1 0.528850 0.168328 0.033731 0.184130
0 0.630658 0.044846 0.027252 0.077304
0 0.662615 0.050725 0.019733 0.058823
3 0.433039 0.258404 0.076040 0.343123
3 0.534843 0.179966 0.033750 0.228294
3 0.554423 0.163797 0.038445 0.215819
3 0.593578 0.161758 0.038454 0.233891
3 0.643740 0.140691 0.041508 0.203225
3 0.681737 0.112739 0.028168 0.172270
3 0.830906 0.207287 0.047767 0.117645
3 0.765477 0.518208 0.079962 0.316519
3 0.515267 0.401886 0.083874 0.434317
3 0.702829 0.111348 0.028273 0.147065
3 0.292500 0.349445 0.089275 0.371143
3 0.348459 0.303148 0.057242 0.371280
3 0.509041 0.133055 0.047777 0.156860
