1 0.355778 0.218328 0.060353 0.169829
3 0.357557 0.210085 0.068969 0.184437
3 0.404819 0.260000 0.046698 0.307782
3 0.439990 0.241212 0.048607 0.300751
3 0.471851 0.225947 0.055840 0.272543
3 0.522099 0.194812 0.042042 0.238464
3 0.542137 0.170137 0.042691 0.259625
3 0.611112 0.136075 0.041384 0.198532
3 0.666250 0.121391 0.030935 0.185614
3 0.683659 0.118447 0.022395 0.167986
3 0.698111 0.103183 0.022405 0.172679
3 0.715849 0.098481 0.021088 0.156246
3 0.831818 0.216544 0.054513 0.140973
1 0.212433 0.289761 0.061240 0.242867
1 0.267906 0.344522 0.083426 0.260307
1 0.286097 0.208805 0.063015 0.115870
3 0.819008 0.514334 0.134008 0.405290
1 0.475153 0.218328 0.048817 0.277782
1 0.520415 0.192935 0.036384 0.242867
1 0.545711 0.165947 0.047929 0.239676
1 0.609614 0.133413 0.035506 0.209522
1 0.660205 0.115947 0.037281 0.165068
1 0.684614 0.104838 0.027510 0.165068
1 0.701479 0.097696 0.018645 0.150785
2 0.289189 0.681758 0.157634 0.478089
1 0.402815 0.265956 0.046145 0.296826
2 0.412739 0.864616 0.225802 0.253328
2 0.578888 0.805563 0.172548 0.371433
2 0.452677 0.720811 0.135258 0.464761
2 0.347238 0.537944 0.124609 0.316195
2 0.366937 0.368430 0.095859 0.190478
2 0.828115 0.223660 0.042605 0.133328
2 0.823855 0.515094 0.102252 0.438106
1 0.435654 0.252449 0.035506 0.288891
4 0.456894 0.718515 0.140181 0.456587
0 0.628073 0.308823 0.086927 0.256314
0 0.640606 0.051126 0.028979 0.079829
4 0.272467 0.725512 0.155067 0.523823
4 0.366837 0.513328 0.097891 0.376758
4 0.283430 0.360666 0.090849 0.245085
4 0.200811 0.274531 0.102595 0.263294
4 0.284213 0.236015 0.078311 0.141451
4 0.418917 0.847346 0.225544 0.305307
4 0.594337 0.794138 0.158197 0.372543
