4 0.459241 0.670188 0.137052 0.357133
0 0.774523 0.136553 0.049332 0.158259
4 0.339423 0.527329 0.121384 0.278720
4 0.295959 0.724113 0.134704 0.512594
4 0.244275 0.368370 0.112767 0.299710
0 0.634733 0.055316 0.031317 0.099437
4 0.200806 0.254923 0.054036 0.196092
4 0.293220 0.247227 0.094761 0.214283
3 0.608807 0.135486 0.030210 0.211451
3 0.361155 0.215367 0.093302 0.169164
3 0.403865 0.268823 0.055172 0.316007
3 0.434408 0.252372 0.042691 0.325392
3 0.482032 0.218302 0.047290 0.306604
3 0.522428 0.195981 0.038750 0.264317
3 0.560859 0.169556 0.040725 0.251399
3 0.673507 0.113166 0.032185 0.185614
3 0.698111 0.106118 0.025019 0.171519
3 0.717815 0.100239 0.018454 0.159761
3 0.831489 0.207142 0.048607 0.096331
3 0.807839 0.530205 0.111670 0.441706
4 0.558702 0.820742 0.141756 0.358515
4 0.404036 0.831254 0.172290 0.315137
1 0.406188 0.270546 0.053254 0.300000
2 0.432443 0.835094 0.218340 0.327628
2 0.825983 0.212235 0.044733 0.118089
2 0.816398 0.514138 0.093731 0.382850
2 0.471846 0.704616 0.103311 0.363805
2 0.305701 0.692235 0.154437 0.552389
2 0.574098 0.825572 0.141651 0.346672
2 0.334990 0.484616 0.106508 0.175239
2 0.371732 0.420802 0.090525 0.291433
2 0.338182 0.320802 0.055391 0.137133
1 0.723044 0.095947 0.026622 0.138106
1 0.698192 0.105469 0.026632 0.163498
1 0.681331 0.112611 0.021307 0.161911
1 0.664470 0.119761 0.033712 0.163481
1 0.612543 0.140392 0.034609 0.195222
1 0.564618 0.169761 0.048817 0.238089
1 0.517576 0.194360 0.036393 0.246024
1 0.480740 0.221348 0.047929 0.277782
1 0.436808 0.243532 0.032834 0.277850
1 0.245988 0.368174 0.114494 0.212696
1 0.210926 0.221348 0.049695 0.077782
1 0.276608 0.209445 0.055029 0.104761
1 0.353798 0.214232 0.062176 0.174539
