4 0.459742 0.804437 0.213511 0.389761
2 0.471317 0.603660 0.110763 0.337150
2 0.591670 0.732235 0.119294 0.533345
2 0.425520 0.771288 0.183197 0.424761
2 0.813206 0.512235 0.089466 0.478089
2 0.836102 0.210324 0.064971 0.121911
3 0.814251 0.530597 0.109571 0.483515
3 0.828440 0.216237 0.057548 0.131109
3 0.708631 0.101340 0.040200 0.169164
3 0.684194 0.109804 0.032319 0.186092
3 0.668822 0.113328 0.029952 0.195939
3 0.654633 0.123908 0.031536 0.194539
3 0.571078 0.158439 0.047290 0.235410
3 0.524967 0.193677 0.043349 0.257969
3 0.496193 0.207073 0.059905 0.296024
3 0.456784 0.239497 0.047290 0.284761
3 0.418946 0.255000 0.074094 0.318601
3 0.361007 0.216237 0.068578 0.207218
4 0.321412 0.217816 0.091622 0.228294
4 0.233306 0.292039 0.051689 0.211485
4 0.261894 0.350162 0.077529 0.254898
4 0.290072 0.302551 0.058769 0.229676
4 0.318941 0.317253 0.052214 0.154266
4 0.376255 0.455290 0.101021 0.349147
4 0.319509 0.449198 0.101021 0.235461
4 0.312696 0.709036 0.198635 0.572440
4 0.454012 0.618703 0.124857 0.412082
4 0.594308 0.738473 0.115773 0.472986
1 0.705740 0.109437 0.027510 0.158737
1 0.680887 0.108643 0.018645 0.166672
1 0.666684 0.122935 0.020410 0.157133
1 0.647615 0.129266 0.030153 0.157167
1 0.571274 0.160239 0.035506 0.212696
1 0.520196 0.194360 0.038254 0.239676
1 0.487844 0.217381 0.040821 0.279369
1 0.443865 0.245947 0.038244 0.295239
1 0.415062 0.254676 0.063903 0.303174
1 0.361808 0.214991 0.058578 0.182543
1 0.304561 0.187218 0.048817 0.117474
1 0.226894 0.273729 0.051498 0.236502
1 0.256169 0.330068 0.049742 0.203174
1 0.283259 0.313430 0.047052 0.245973
2 0.309957 0.681758 0.154437 0.539044
2 0.324871 0.436997 0.096918 0.137133
2 0.378125 0.447474 0.092662 0.302867
2 0.323273 0.343660 0.061775 0.152372
0 0.086107 0.649795 0.155916 0.495939
0 0.761212 0.119744 0.043073 0.152662
0 0.631598 0.046920 0.037586 0.088242
