4 0.312242 0.669445 0.132805 0.485171
4 0.289537 0.284770 0.087395 0.288242
4 0.350262 0.234027 0.070372 0.276075
4 0.224838 0.362918 0.069237 0.326826
4 0.253783 0.403524 0.072643 0.310597
4 0.378645 0.480666 0.104427 0.347133
4 0.484203 0.658285 0.140754 0.503430
4 0.414967 0.788541 0.136212 0.422918
4 0.588631 0.723584 0.099895 0.552833
3 0.392538 0.263464 0.067004 0.338328
3 0.832381 0.214829 0.048082 0.139556
1 0.330305 0.346724 0.059466 0.201638
0 0.779222 0.129556 0.036803 0.155461
0 0.665668 0.056024 0.018015 0.075631
0 0.639823 0.057423 0.025849 0.081229
0 0.101417 0.527312 0.098674 0.365546
1 0.466541 0.220555 0.028406 0.269846
1 0.498053 0.211826 0.043492 0.284130
1 0.567724 0.160239 0.044380 0.225392
1 0.604556 0.139599 0.039933 0.215887
1 0.208702 0.265794 0.054141 0.204761
1 0.284594 0.223720 0.060353 0.187304
1 0.341398 0.193567 0.058578 0.152389
2 0.908526 0.423660 0.062834 0.297150
2 0.812137 0.604616 0.106508 0.502850
2 0.586875 0.716997 0.133139 0.460956
2 0.417533 0.790333 0.141651 0.405717
2 0.474509 0.668430 0.119284 0.508567
2 0.271088 0.898899 0.178931 0.196195
2 0.307829 0.675094 0.150181 0.483805
2 0.372266 0.474138 0.110773 0.337150
2 0.833440 0.210333 0.048998 0.114283
2 0.745038 0.185572 0.046870 0.236195
1 0.688421 0.111024 0.026651 0.149215
1 0.703521 0.096741 0.024847 0.158737
1 0.245095 0.357858 0.080763 0.211109
1 0.390658 0.258643 0.054141 0.320631
1 0.434141 0.244360 0.054141 0.323805
3 0.793755 0.591220 0.152128 0.460973
3 0.736217 0.180290 0.059113 0.259386
3 0.687739 0.099232 0.025229 0.173379
3 0.702715 0.111212 0.014189 0.171980
3 0.606155 0.140819 0.038626 0.225563
3 0.568321 0.171126 0.043359 0.255154
3 0.499742 0.212005 0.046508 0.311553
3 0.461512 0.237381 0.034685 0.286160
3 0.437075 0.234565 0.050448 0.308720
