2 0.834031 0.776109 0.230849 0.347611
0 0.662147 0.056613 0.018798 0.063874
0 0.627839 0.039804 0.025372 0.063874
3 0.656622 0.249224 0.072118 0.327867
3 0.768998 0.514002 0.102653 0.336126
3 0.815988 0.785717 0.226403 0.372560
3 0.393135 0.287816 0.069704 0.340341
3 0.503559 0.196775 0.036813 0.273106
3 0.826990 0.220589 0.054036 0.107833
3 0.882987 0.228285 0.026622 0.100836
4 0.462834 0.229693 0.055611 0.305324
3 0.536412 0.187671 0.035324 0.257696
3 0.556775 0.178507 0.038454 0.239642
3 0.594752 0.135853 0.045496 0.229693
3 0.702042 0.109172 0.025134 0.140188
3 0.679365 0.095947 0.020372 0.138652
1 0.636245 0.138968 0.037281 0.188891
1 0.594528 0.150870 0.040830 0.215870
1 0.558578 0.173089 0.038168 0.234915
1 0.528850 0.196903 0.046155 0.247628
1 0.253707 0.352457 0.074552 0.352389
1 0.498225 0.200077 0.047042 0.263498
1 0.457400 0.223882 0.050582 0.266672
1 0.383287 0.273089 0.074552 0.336519
1 0.309623 0.333404 0.065677 0.342850
3 0.634342 0.137961 0.036813 0.214283
2 0.660563 0.253882 0.055916 0.341280
3 0.313998 0.333336 0.047844 0.358549
3 0.258044 0.364778 0.075172 0.413311
1 0.706803 0.111186 0.031069 0.139676
1 0.679733 0.112773 0.035496 0.152372
2 0.846059 0.143251 0.041718 0.119061
2 0.769728 0.517372 0.103845 0.322218
