1 0.301011 0.229283 0.064790 0.252389
4 0.346861 0.222850 0.070382 0.229386
4 0.296350 0.248225 0.062433 0.267952
4 0.203273 0.331459 0.082863 0.320734
4 0.260596 0.394386 0.081727 0.304505
4 0.319618 0.616672 0.149828 0.574471
4 0.389990 0.420785 0.099885 0.276075
4 0.476260 0.533439 0.108969 0.298413
1 0.402638 0.400708 0.081651 0.239676
1 0.702142 0.104676 0.027605 0.152389
1 0.686169 0.111817 0.031155 0.160324
1 0.661803 0.118166 0.031947 0.173020
1 0.405301 0.206263 0.062128 0.247611
1 0.592572 0.153891 0.046155 0.215870
1 0.493168 0.207065 0.049695 0.280956
1 0.461660 0.231664 0.029294 0.304761
1 0.436808 0.231664 0.048807 0.304761
1 0.344948 0.204676 0.058578 0.231741
2 0.266264 0.871451 0.181384 0.257099
2 0.829652 0.196689 0.046994 0.137816
2 0.746489 0.114334 0.034771 0.164710
0 0.621026 0.049727 0.033674 0.077031
0 0.096326 0.523814 0.135477 0.394966
1 0.252643 0.374514 0.086985 0.304761
1 0.199385 0.300717 0.074552 0.277782
2 0.332514 0.625256 0.133445 0.571433
1 0.244652 0.220555 0.049704 0.101587
2 0.468783 0.500051 0.086460 0.277304
2 0.420854 0.754676 0.152242 0.463857
2 0.566050 0.606775 0.091164 0.208396
2 0.553831 0.810137 0.202052 0.373106
4 0.555711 0.814932 0.177071 0.370137
4 0.441641 0.746928 0.164580 0.506143
4 0.259461 0.873797 0.192968 0.252406
4 0.600549 0.161962 0.053349 0.213140
3 0.427223 0.237381 0.046508 0.303089
3 0.459151 0.231041 0.044141 0.287577
3 0.400425 0.200026 0.057548 0.180427
3 0.826865 0.213413 0.041784 0.119829
3 0.741341 0.118268 0.029952 0.177628
3 0.716116 0.102756 0.017347 0.174795
3 0.698383 0.090068 0.016555 0.160717
3 0.685768 0.110503 0.019704 0.150836
3 0.663302 0.100640 0.017347 0.195956
3 0.493440 0.212014 0.048082 0.263618
4 0.582390 0.634940 0.114647 0.338993
