0 0.748235 0.265060 0.078817 0.266672
0 0.641780 0.049019 0.031326 0.084044
4 0.534031 0.846647 0.159761 0.306706
4 0.372705 0.890077 0.183254 0.203089
4 0.471384 0.714300 0.120611 0.422969
4 0.334332 0.676493 0.156622 0.291314
4 0.354303 0.530836 0.119828 0.296928
4 0.364094 0.394983 0.112767 0.224096
4 0.279122 0.394283 0.097901 0.309522
4 0.206288 0.280128 0.082233 0.252099
4 0.289303 0.215009 0.075973 0.166672
1 0.555916 0.165947 0.047042 0.242850
1 0.522190 0.190555 0.038158 0.247628
1 0.481808 0.227850 0.051479 0.277782
1 0.440534 0.247688 0.032844 0.292065
1 0.404146 0.263575 0.048807 0.298413
1 0.354003 0.217534 0.049704 0.161894
2 0.800425 0.493183 0.108635 0.344761
2 0.322743 0.623660 0.192777 0.323805
2 0.459604 0.691288 0.142719 0.405717
2 0.362147 0.857944 0.220477 0.266672
2 0.536818 0.838908 0.162948 0.320000
2 0.121441 0.915094 0.156565 0.167628
2 0.358421 0.390333 0.138464 0.203805
2 0.333922 0.483660 0.183187 0.253328
3 0.351741 0.212415 0.065143 0.183055
3 0.410010 0.262295 0.071202 0.294761
3 0.435744 0.246630 0.036183 0.294761
3 0.477066 0.229983 0.054246 0.281058
3 0.517300 0.196698 0.042748 0.247765
3 0.551512 0.170265 0.043292 0.236024
3 0.614194 0.143345 0.031803 0.219386
3 0.659351 0.120341 0.019218 0.177304
3 0.678511 0.113985 0.025782 0.174352
3 0.706698 0.104164 0.036183 0.160614
3 0.828249 0.203114 0.047071 0.107696
3 0.801698 0.482108 0.108931 0.317184
1 0.201784 0.277850 0.063015 0.241263
1 0.273230 0.366741 0.081651 0.269829
1 0.290964 0.228643 0.071050 0.187321
1 0.701479 0.101664 0.027519 0.165068
1 0.682839 0.111980 0.025735 0.166655
1 0.657987 0.114360 0.029294 0.165068
1 0.610930 0.135794 0.034647 0.195239
