4 0.481932 0.566937 0.070372 0.341041
4 0.399074 0.420776 0.081718 0.292304
4 0.340620 0.649147 0.130534 0.562287
4 0.256054 0.398447 0.104418 0.284198
4 0.186245 0.325375 0.101021 0.276075
4 0.243001 0.224889 0.071517 0.123840
4 0.301455 0.207628 0.086269 0.174573
4 0.349132 0.212705 0.063569 0.209096
4 0.597142 0.590282 0.114647 0.347116
4 0.604523 0.810870 0.188416 0.378259
3 0.488316 0.202142 0.034685 0.266433
3 0.401212 0.198626 0.048092 0.183294
3 0.439833 0.239497 0.035468 0.304488
3 0.464661 0.231749 0.029952 0.280529
3 0.828440 0.225401 0.055964 0.152235
3 0.739370 0.127423 0.033893 0.170580
3 0.710992 0.099940 0.014981 0.160700
3 0.726365 0.102756 0.017347 0.174795
3 0.699957 0.116143 0.014971 0.153652
3 0.687739 0.109096 0.023645 0.167747
3 0.666455 0.111920 0.029952 0.184659
4 0.424046 0.721220 0.136202 0.507491
1 0.684437 0.106263 0.018645 0.168259
1 0.194948 0.298328 0.083426 0.231741
1 0.249976 0.216587 0.049704 0.103174
1 0.304561 0.218959 0.064790 0.193652
1 0.351603 0.226903 0.057691 0.247628
1 0.404413 0.230870 0.060353 0.246041
1 0.444356 0.247534 0.046155 0.301587
1 0.461217 0.228490 0.030181 0.282543
1 0.662710 0.115785 0.031908 0.184130
1 0.492281 0.207065 0.040821 0.268259
1 0.526894 0.188012 0.035506 0.226980
1 0.259742 0.380077 0.085210 0.261894
1 0.712839 0.100708 0.016861 0.153976
1 0.700415 0.106263 0.020410 0.165085
2 0.483030 0.571280 0.119284 0.417133
2 0.347767 0.625572 0.117156 0.525717
2 0.425558 0.752159 0.152242 0.472270
2 0.605052 0.661391 0.129685 0.388242
2 0.597061 0.801732 0.175744 0.363020
2 0.263917 0.870640 0.255620 0.242031
0 0.098678 0.518908 0.097891 0.371160
2 0.741312 0.106519 0.035143 0.154300
2 0.832047 0.201758 0.058998 0.131433
0 0.644523 0.043413 0.025840 0.081229
2 0.420196 0.471280 0.080945 0.331433
