0 0.759995 0.121852 0.053330 0.165273
0 0.088120 0.496485 0.111164 0.396382
0 0.632777 0.053225 0.039943 0.078430
4 0.241298 0.222858 0.054485 0.180666
4 0.211217 0.342619 0.096479 0.274044
4 0.287271 0.381195 0.073779 0.416143
4 0.316212 0.417730 0.068111 0.318703
4 0.370697 0.406570 0.088531 0.357270
4 0.351398 0.611596 0.124857 0.499369
4 0.477958 0.631894 0.132805 0.381638
4 0.265134 0.856544 0.192958 0.286911
4 0.431990 0.786510 0.167987 0.426980
2 0.477710 0.599855 0.134198 0.371416
2 0.803616 0.520802 0.117156 0.487611
2 0.830243 0.202705 0.046861 0.106672
2 0.440429 0.785572 0.161889 0.403805
4 0.640844 0.774334 0.161174 0.451331
3 0.377171 0.255708 0.056746 0.348208
3 0.442991 0.257833 0.084342 0.324266
3 0.515902 0.216945 0.053597 0.296041
3 0.587629 0.155623 0.037834 0.252338
3 0.651088 0.130247 0.030744 0.179027
3 0.674733 0.121792 0.027595 0.176212
3 0.694833 0.111920 0.028368 0.173396
2 0.632142 0.775085 0.123540 0.420956
2 0.263626 0.850350 0.217271 0.285683
3 0.717300 0.106988 0.033893 0.163532
3 0.821345 0.206374 0.063855 0.114181
3 0.812281 0.518618 0.100897 0.465188
2 0.332858 0.654138 0.168273 0.464761
2 0.375463 0.436041 0.108635 0.260956
4 0.342090 0.234224 0.076050 0.253737
1 0.512252 0.223729 0.059466 0.273020
1 0.437700 0.253089 0.054141 0.290478
1 0.380897 0.252295 0.054141 0.260324
1 0.331636 0.220546 0.056803 0.196826
1 0.243335 0.213379 0.055887 0.144505
1 0.221131 0.326101 0.080773 0.192065
1 0.278397 0.230034 0.051450 0.092150
1 0.294823 0.365009 0.055964 0.199983
1 0.720472 0.105154 0.023082 0.144437
1 0.694599 0.106263 0.023168 0.155563
1 0.671565 0.119753 0.026622 0.166672
1 0.587247 0.157858 0.035506 0.223805
