1 0.697929 0.112773 0.023969 0.158720
4 0.240191 0.364846 0.105248 0.297474
4 0.312929 0.358959 0.092099 0.344539
4 0.381059 0.382500 0.128740 0.334454
4 0.379652 0.655606 0.184189 0.322679
4 0.263120 0.747201 0.165401 0.408396
4 0.430401 0.867372 0.161641 0.248737
3 0.760253 0.539633 0.097739 0.326058
3 0.398445 0.232918 0.073302 0.220171
3 0.432743 0.223669 0.040410 0.275631
3 0.471746 0.193422 0.052634 0.285717
3 0.507925 0.198464 0.044170 0.262184
3 0.539408 0.175776 0.046985 0.250427
3 0.583578 0.155606 0.041355 0.183191
3 0.618817 0.131237 0.034771 0.225205
3 0.672858 0.103507 0.022548 0.156297
3 0.698698 0.111067 0.025372 0.178140
3 0.720787 0.104343 0.013158 0.147901
3 0.741932 0.121152 0.014094 0.141177
3 0.826980 0.208541 0.048865 0.154625
1 0.578550 0.159599 0.031947 0.217457
1 0.610501 0.141348 0.026632 0.187304
1 0.677071 0.114360 0.024847 0.158720
2 0.250510 0.642773 0.128693 0.201587
2 0.363674 0.580862 0.188168 0.214283
2 0.384084 0.410230 0.110057 0.304761
2 0.775945 0.530862 0.073664 0.304761
2 0.364117 0.477688 0.135792 0.176195
2 0.828755 0.216578 0.046155 0.120631
0 0.643349 0.055196 0.041355 0.110392
2 0.739552 0.128490 0.027519 0.160324
1 0.432104 0.242927 0.035506 0.288891
1 0.468941 0.229437 0.047042 0.277782
1 0.302080 0.360392 0.061240 0.320648
1 0.397929 0.239761 0.059466 0.234915
0 0.772052 0.177534 0.050840 0.195137
2 0.388521 0.831664 0.113607 0.233328
2 0.203025 0.818959 0.202366 0.271433
1 0.534175 0.183404 0.033731 0.249198
1 0.505329 0.212773 0.034609 0.266672
1 0.241279 0.358012 0.088760 0.265068
