2 0.825649 0.211024 0.047042 0.138089
3 0.199933 0.328430 0.081450 0.225495
4 0.256322 0.338234 0.068922 0.239505
4 0.307223 0.386553 0.083015 0.302526
3 0.691350 0.100845 0.030544 0.168072
3 0.717591 0.100845 0.026632 0.140051
3 0.528073 0.163874 0.043855 0.229693
3 0.580930 0.150981 0.037853 0.194898
1 0.293201 0.372304 0.075448 0.296826
1 0.391718 0.261980 0.055916 0.279352
1 0.198678 0.335000 0.062128 0.196826
1 0.430773 0.251664 0.034618 0.284113
1 0.466279 0.227056 0.041718 0.279369
1 0.498225 0.181024 0.029294 0.180956
1 0.529738 0.143703 0.037281 0.173072
3 0.774365 0.520307 0.072834 0.309522
3 0.827619 0.219889 0.033674 0.112031
1 0.579437 0.160392 0.030172 0.203174
1 0.602514 0.142935 0.021307 0.200000
1 0.623817 0.142935 0.024847 0.187304
1 0.643788 0.144522 0.022195 0.171433
1 0.693039 0.092125 0.035506 0.123840
3 0.580539 0.157560 0.028197 0.225495
3 0.474423 0.217790 0.058731 0.259096
3 0.605592 0.138669 0.026641 0.207304
1 0.719227 0.099283 0.022195 0.125392
3 0.622047 0.136553 0.032891 0.225495
3 0.642013 0.123951 0.041508 0.186263
3 0.524938 0.423669 0.115906 0.424369
3 0.503402 0.150563 0.039933 0.147065
3 0.430959 0.240896 0.031326 0.299710
3 0.394542 0.258404 0.066565 0.281519
1 0.247495 0.331826 0.055029 0.241263
4 0.372238 0.472662 0.129971 0.373993
4 0.349905 0.710085 0.193435 0.459386
4 0.412634 0.892227 0.236508 0.215546
2 0.525654 0.438805 0.089647 0.466655
2 0.367667 0.721348 0.157090 0.463481
2 0.384089 0.472142 0.140239 0.342850
2 0.773721 0.554676 0.099408 0.355563
2 0.764418 0.135631 0.045248 0.177782
0 0.664490 0.051570 0.029132 0.080683
0 0.624084 0.030563 0.023492 0.055461
0 0.701570 0.258208 0.071517 0.258976
