3 0.629628 0.136271 0.030076 0.205034
0 0.737281 0.225435 0.065878 0.230427
0 0.666322 0.057372 0.025468 0.062355
0 0.600539 0.040068 0.044265 0.080137
3 0.606135 0.127039 0.037595 0.189915
3 0.662047 0.118635 0.025372 0.186553
3 0.704809 0.091741 0.035706 0.136143
3 0.592977 0.790051 0.191718 0.413447
3 0.786570 0.524514 0.086460 0.329403
3 0.826035 0.218626 0.056384 0.121007
1 0.576775 0.154838 0.031947 0.211109
3 0.384819 0.201817 0.068607 0.218481
3 0.436975 0.210222 0.046985 0.215119
3 0.471746 0.228712 0.056393 0.265546
3 0.502290 0.191732 0.077996 0.258823
3 0.581698 0.153080 0.035706 0.174795
1 0.707691 0.100077 0.029294 0.136502
1 0.656656 0.115947 0.031956 0.180939
1 0.628698 0.138174 0.025735 0.180956
1 0.603402 0.145316 0.023082 0.192065
1 0.524852 0.184198 0.032834 0.247611
1 0.496894 0.208805 0.039055 0.258737
1 0.468941 0.230230 0.045267 0.276195
1 0.434766 0.192961 0.042605 0.172952
1 0.384175 0.190555 0.056803 0.152372
1 0.412133 0.422295 0.107395 0.292065
1 0.357109 0.353251 0.047042 0.201587
2 0.340601 0.567850 0.108282 0.285700
2 0.240301 0.780870 0.163311 0.328567
2 0.377433 0.756263 0.146450 0.377782
2 0.612190 0.776109 0.179284 0.353959
2 0.777739 0.543609 0.096698 0.323737
2 0.830530 0.207850 0.044380 0.131741
1 0.304299 0.358012 0.056803 0.290461
1 0.242610 0.362773 0.077223 0.226980
1 0.179594 0.318328 0.073674 0.179352
3 0.196393 0.329556 0.088340 0.228567
4 0.239156 0.368208 0.100563 0.268908
4 0.318092 0.348038 0.104313 0.326041
4 0.413936 0.477466 0.138177 0.443669
4 0.228817 0.797619 0.200172 0.374795
4 0.367385 0.768976 0.124141 0.462048
