2 0.782156 0.528490 0.098511 0.328584
2 0.358793 0.478532 0.112719 0.225324
0 0.610926 0.038123 0.034771 0.073959
0 0.761240 0.197705 0.057424 0.201860
1 0.190248 0.323908 0.059466 0.180922
1 0.245272 0.358805 0.080773 0.266655
1 0.302524 0.350862 0.046155 0.314283
2 0.830530 0.216578 0.047929 0.107935
2 0.187934 0.821348 0.172185 0.260307
2 0.229656 0.668174 0.122481 0.249215
2 0.359680 0.676894 0.151765 0.393652
1 0.467166 0.227056 0.039943 0.295239
1 0.396598 0.236587 0.049704 0.225392
1 0.434766 0.241365 0.033731 0.279317
1 0.607395 0.140555 0.031069 0.198413
1 0.656212 0.119121 0.029294 0.158720
1 0.681951 0.111980 0.025735 0.160307
3 0.769184 0.547201 0.091155 0.337816
3 0.825573 0.219471 0.049809 0.156314
4 0.238688 0.364010 0.078941 0.310922
4 0.307758 0.358968 0.076126 0.321007
4 0.380119 0.390896 0.113712 0.368072
4 0.353340 0.500981 0.154122 0.305887
4 0.363206 0.659804 0.200172 0.411758
4 0.257948 0.741314 0.177615 0.433618
4 0.177133 0.811903 0.220849 0.342850
1 0.500444 0.208012 0.040830 0.266672
1 0.524852 0.183413 0.031059 0.258737
1 0.580768 0.159599 0.029284 0.211109
3 0.661107 0.132073 0.038531 0.186570
3 0.582166 0.150555 0.053569 0.196638
3 0.607075 0.136271 0.035716 0.194966
3 0.707629 0.098456 0.024437 0.149573
3 0.686016 0.106024 0.031956 0.161331
3 0.535181 0.178294 0.046050 0.245392
3 0.504165 0.204343 0.047929 0.243703
3 0.474098 0.206860 0.062968 0.262184
3 0.435095 0.232918 0.039466 0.284027
3 0.405496 0.230401 0.042290 0.265546
3 0.191226 0.327031 0.062968 0.166382
