0 0.912195 0.484684 0.059122 0.198720
0 0.800577 0.411758 0.039761 0.133072
0 0.430033 0.196638 0.016307 0.074744
2 0.133507 0.242952 0.030582 0.153140
2 0.079475 0.286706 0.028550 0.153140
2 0.054504 0.261177 0.027519 0.153140
2 0.039213 0.303106 0.021403 0.109386
2 0.025448 0.252978 0.022424 0.082031
1 0.174785 0.252065 0.025487 0.175017
1 0.199761 0.212867 0.020382 0.162253
1 0.234418 0.210128 0.010191 0.138549
1 0.254294 0.223805 0.017328 0.180478
1 0.279781 0.221988 0.029561 0.173191
1 0.295582 0.242039 0.028550 0.216945
1 0.316479 0.247509 0.015286 0.224232
1 0.331260 0.258447 0.026508 0.231536
1 0.353683 0.273020 0.022424 0.224232
1 0.382228 0.297637 0.042815 0.229710
1 0.434728 0.317688 0.035677 0.266160
1 0.477028 0.347773 0.028540 0.286229
1 0.518822 0.367833 0.050964 0.311741
1 0.583554 0.397910 0.033635 0.295341
1 0.608015 0.469002 0.043836 0.353669
1 0.676827 0.458976 0.032624 0.319044
1 0.722700 0.510026 0.034656 0.304454
1 0.748182 0.650392 0.065239 0.391945
1 0.777743 0.463532 0.026498 0.105734
1 0.807815 0.485410 0.037710 0.207816
1 0.854194 0.571092 0.038731 0.452116
1 0.931675 0.643106 0.083597 0.424778
2 0.097314 0.243865 0.021403 0.129437
3 0.176317 0.239300 0.032615 0.171365
3 0.201799 0.217432 0.030582 0.204181
3 0.124327 0.252056 0.026498 0.182304
4 0.717600 0.525520 0.063197 0.284386
4 0.263469 0.737901 0.109074 0.260683
4 0.233912 0.587509 0.092767 0.193242
4 0.106489 0.741553 0.096832 0.249761
4 0.427080 0.318609 0.053015 0.278925
4 0.471422 0.340478 0.054027 0.282560
4 0.514747 0.359616 0.044857 0.331792
4 0.614647 0.476297 0.046889 0.339078
4 0.657968 0.453507 0.051985 0.319027
4 0.840434 0.582039 0.070334 0.415648
3 0.231360 0.209215 0.018349 0.162253
3 0.253788 0.218336 0.030573 0.162235
3 0.295582 0.235657 0.032615 0.204181
3 0.311889 0.255708 0.022424 0.218754
3 0.325654 0.250239 0.035677 0.218771
3 0.350119 0.264829 0.027529 0.218771
3 0.381207 0.293080 0.040773 0.227867
3 0.582028 0.402466 0.030582 0.209642
3 0.746651 0.672278 0.090725 0.410188
3 0.932180 0.674096 0.082567 0.410171
2 0.082028 0.743370 0.070334 0.227867
2 0.234423 0.573831 0.087662 0.151314
2 0.280291 0.704172 0.099895 0.240631
