0 0.902510 0.456425 0.041794 0.127628
0 0.188445 0.159275 0.026508 0.058345
0 0.510057 0.206672 0.029561 0.065631
0 0.812810 0.410853 0.035677 0.109386
3 0.454294 0.338840 0.041794 0.258874
4 0.284575 0.690683 0.136594 0.262526
4 0.074074 0.741732 0.100916 0.266160
4 0.146450 0.256800 0.031603 0.160427
4 0.504757 0.349778 0.042815 0.277099
4 0.576112 0.429078 0.032624 0.308089
4 0.615358 0.432730 0.049952 0.293515
4 0.720864 0.520230 0.053006 0.329983
4 0.773359 0.548490 0.041794 0.368242
4 0.842677 0.664249 0.043826 0.402901
4 0.918106 0.681570 0.084609 0.386485
3 0.203025 0.500179 0.081546 0.227867
3 0.260620 0.218524 0.015286 0.138549
3 0.240229 0.205759 0.015286 0.160427
3 0.215763 0.221254 0.027519 0.144010
3 0.191298 0.236758 0.019370 0.149488
3 0.277948 0.237662 0.017328 0.162253
3 0.300883 0.240401 0.010200 0.207833
3 0.320253 0.256800 0.032624 0.218754
3 0.341656 0.260452 0.016307 0.196877
3 0.372238 0.282329 0.020391 0.240631
3 0.393645 0.286877 0.024466 0.246109
3 0.422190 0.294172 0.028540 0.220597
2 0.125553 0.227637 0.026508 0.156775
2 0.106694 0.225811 0.011212 0.134898
2 0.074074 0.242218 0.019370 0.149488
2 0.045530 0.273208 0.015296 0.145836
2 0.018521 0.271382 0.022424 0.153140
2 0.207099 0.493797 0.087672 0.244283
2 0.073564 0.739906 0.122319 0.247935
2 0.281002 0.687039 0.147805 0.255239
1 0.184165 0.245870 0.021403 0.149488
1 0.213726 0.216698 0.019361 0.167730
1 0.241760 0.222167 0.016307 0.123959
1 0.258068 0.217611 0.030582 0.136724
1 0.275906 0.243131 0.015286 0.114863
1 0.294766 0.235836 0.004074 0.136724
1 0.321780 0.253157 0.021403 0.204164
1 0.346245 0.268652 0.019361 0.180478
1 0.365100 0.285973 0.028540 0.233345
1 0.397214 0.294181 0.027519 0.224232
1 0.417090 0.283234 0.016317 0.213294
1 0.454299 0.346135 0.037719 0.262509
1 0.510873 0.351604 0.038731 0.280751
1 0.579170 0.419053 0.040782 0.298993
1 0.620453 0.432730 0.045868 0.311741
1 0.720353 0.524787 0.058111 0.350017
1 0.774375 0.527517 0.035677 0.340904
1 0.839108 0.468276 0.022433 0.098430
1 0.846245 0.671544 0.055048 0.384659
1 0.939008 0.660606 0.053015 0.370085
