0 0.800067 0.402645 0.038740 0.125802
0 0.187424 0.174761 0.024466 0.056519
0 0.434113 0.208498 0.026508 0.083857
0 0.886202 0.462807 0.041794 0.133089
4 0.102920 0.731519 0.085630 0.193242
4 0.023922 0.283968 0.015286 0.122133
4 0.036150 0.262090 0.023445 0.133089
4 0.061126 0.257526 0.024466 0.127611
4 0.418927 0.308575 0.040773 0.269812
4 0.470916 0.325896 0.048931 0.297150
4 0.508631 0.374206 0.055048 0.298993
4 0.627385 0.452602 0.043836 0.335444
4 0.665615 0.469915 0.040773 0.297167
4 0.722696 0.509113 0.053006 0.269795
4 0.841966 0.605734 0.097863 0.463038
4 0.089160 0.250239 0.027519 0.131263
1 0.928612 0.651314 0.050964 0.473993
1 0.757867 0.689590 0.084609 0.521399
1 0.803230 0.464454 0.040773 0.202355
1 0.760926 0.479949 0.027519 0.087509
1 0.723717 0.529172 0.067281 0.375546
1 0.677333 0.467184 0.049952 0.360956
1 0.631465 0.446220 0.047910 0.344556
1 0.579986 0.427073 0.046899 0.313567
1 0.516274 0.368737 0.051994 0.320853
1 0.480086 0.345947 0.050973 0.282577
1 0.418416 0.307671 0.039752 0.260700
1 0.377133 0.285785 0.032624 0.249761
1 0.345019 0.269386 0.041794 0.242457
1 0.321574 0.265742 0.033645 0.213294
2 0.037176 0.253882 0.019370 0.120324
3 0.240534 0.220162 0.020382 0.154966
3 0.208936 0.190990 0.016307 0.082048
1 0.847061 0.596613 0.038740 0.463055
1 0.299151 0.245683 0.029561 0.209659
1 0.274685 0.249326 0.027519 0.220597
1 0.247166 0.215606 0.017328 0.185956
1 0.234423 0.202841 0.028540 0.164078
1 0.204857 0.202841 0.026508 0.138549
1 0.180396 0.214693 0.030582 0.154949
1 0.135033 0.231101 0.023445 0.154966
2 0.261942 0.720580 0.089704 0.258874
2 0.230344 0.614846 0.087672 0.189590
2 0.096293 0.743370 0.070334 0.238823
2 0.168669 0.314044 0.037719 0.196894
2 0.211994 0.295819 0.040782 0.189590
2 0.087118 0.237474 0.019370 0.123959
2 0.058068 0.263916 0.028540 0.147662
2 0.022901 0.283959 0.017328 0.118498
3 0.178354 0.225631 0.032624 0.162253
3 0.166126 0.305836 0.036698 0.202355
3 0.134012 0.228362 0.017338 0.113038
3 0.210463 0.294906 0.035677 0.158618
3 0.771116 0.697799 0.076450 0.464881
3 0.376622 0.282142 0.043836 0.231519
3 0.343492 0.260265 0.030573 0.213294
3 0.318521 0.254795 0.019370 0.202355
3 0.294561 0.247500 0.032615 0.195068
3 0.275706 0.222892 0.029561 0.156775
3 0.582023 0.417961 0.038740 0.328140
3 0.931670 0.654044 0.085630 0.501331
4 0.274175 0.744283 0.110086 0.229693
4 0.235949 0.623959 0.072376 0.149488
