4 0.101904 0.701442 0.097853 0.293498
4 0.245124 0.566536 0.076450 0.176826
4 0.267037 0.697799 0.065239 0.246109
4 0.071832 0.262082 0.015286 0.096621
4 0.426570 0.337747 0.047910 0.313549
4 0.466837 0.354147 0.053006 0.277099
4 0.519337 0.357799 0.047910 0.302628
4 0.627385 0.485410 0.051985 0.371911
4 0.675296 0.409761 0.029561 0.184130
4 0.735439 0.390614 0.023454 0.109386
4 0.766021 0.611203 0.041794 0.379198
4 0.838397 0.591143 0.051985 0.404710
3 0.140639 0.264829 0.036698 0.196894
3 0.090177 0.238396 0.011212 0.114846
3 0.177844 0.246596 0.029561 0.164078
3 0.199761 0.203754 0.026508 0.154949
3 0.236460 0.199198 0.008149 0.127611
3 0.246651 0.220162 0.012233 0.169539
3 0.260415 0.226544 0.023445 0.164078
3 0.274179 0.230188 0.024466 0.200546
3 0.293545 0.258439 0.018349 0.191416
3 0.312910 0.252065 0.024466 0.196894
3 0.334828 0.261186 0.019370 0.204181
3 0.358783 0.279411 0.028540 0.229710
3 0.383760 0.300375 0.027519 0.242457
3 0.580491 0.426169 0.047910 0.300802
3 0.703325 0.572918 0.065239 0.408362
3 0.933216 0.640367 0.088721 0.375546
2 0.096803 0.715111 0.073397 0.284386
2 0.233912 0.581118 0.054027 0.147662
2 0.265510 0.713294 0.066250 0.258874
2 0.042271 0.300367 0.019370 0.129437
2 0.092729 0.249334 0.032615 0.140375
2 0.140635 0.262090 0.030582 0.187765
1 0.169385 0.223626 0.044857 0.173191
1 0.192118 0.213780 0.017328 0.164078
1 0.197209 0.199198 0.023445 0.175017
1 0.240534 0.201937 0.014275 0.151314
1 0.249198 0.201024 0.005095 0.127611
1 0.261431 0.232918 0.017328 0.154949
1 0.273154 0.226544 0.018349 0.200529
1 0.292013 0.246596 0.021412 0.196877
1 0.311889 0.250239 0.024466 0.196894
1 0.328712 0.266647 0.033645 0.240631
1 0.351646 0.270299 0.038731 0.222406
1 0.380697 0.297637 0.039752 0.247935
1 0.425553 0.318601 0.043836 0.242457
1 0.467858 0.354155 0.055048 0.284386
1 0.512710 0.378763 0.059122 0.315375
1 0.580496 0.427073 0.049943 0.288038
1 0.617700 0.471741 0.059122 0.355495
1 0.679885 0.411578 0.057080 0.231519
1 0.702314 0.549215 0.065239 0.422935
1 0.734928 0.390614 0.030582 0.134915
1 0.769585 0.629437 0.065239 0.408362
1 0.806283 0.503643 0.040773 0.288038
1 0.846040 0.585683 0.069313 0.433891
1 0.935744 0.681391 0.095821 0.432065
0 0.914237 0.461894 0.050973 0.175017
0 0.185386 0.165648 0.016307 0.060171
0 0.792419 0.381681 0.045868 0.102099
0 0.421880 0.184787 0.032615 0.076570
