1 0.234418 0.191903 0.022424 0.127628
1 0.213010 0.197372 0.020391 0.113038
1 0.183960 0.225631 0.021412 0.118498
1 0.151851 0.238396 0.022424 0.162253
2 0.082533 0.742466 0.097853 0.222406
0 0.188550 0.165469 0.020382 0.052884
0 0.886302 0.467184 0.047910 0.167713
2 0.227791 0.615759 0.094800 0.140358
2 0.254299 0.716024 0.111116 0.238805
2 0.032586 0.257534 0.022424 0.123976
2 0.021880 0.271203 0.027519 0.133089
2 0.056536 0.260273 0.017328 0.140375
2 0.090692 0.256621 0.020391 0.154949
2 0.220663 0.341399 0.047910 0.236997
2 0.260410 0.351425 0.041794 0.235171
0 0.434723 0.195546 0.027519 0.083857
0 0.500477 0.200102 0.022424 0.100273
1 0.268569 0.217423 0.023454 0.164061
0 0.804752 0.393345 0.041794 0.136724
1 0.325143 0.273942 0.028550 0.200546
1 0.304757 0.253882 0.016307 0.178652
1 0.364900 0.282142 0.032624 0.198720
4 0.027486 0.289428 0.018349 0.129437
4 0.062657 0.260265 0.015296 0.122133
4 0.093745 0.243857 0.030582 0.118498
4 0.301698 0.248413 0.024466 0.193242
4 0.408220 0.314957 0.037719 0.253396
4 0.463779 0.342304 0.048931 0.275290
4 0.512705 0.365094 0.055048 0.306263
4 0.792013 0.679565 0.095821 0.453942
4 0.747672 0.626698 0.060134 0.359130
4 0.848077 0.602082 0.091746 0.422935
4 0.778254 0.530990 0.056069 0.317201
4 0.725243 0.524608 0.062185 0.311741
4 0.675301 0.467184 0.047910 0.317201
4 0.622801 0.434369 0.050964 0.350034
4 0.086613 0.736988 0.083588 0.226058
4 0.220658 0.617585 0.088683 0.169539
4 0.265510 0.735171 0.107032 0.280751
3 0.184981 0.238387 0.021412 0.122133
3 0.213015 0.190077 0.014275 0.091143
3 0.239513 0.168208 0.022424 0.069283
3 0.273154 0.221067 0.030582 0.138549
3 0.328712 0.253891 0.027519 0.215119
3 0.364389 0.267560 0.045878 0.213311
3 0.563163 0.407014 0.045868 0.320853
3 0.929122 0.674096 0.066260 0.468532
3 0.148282 0.235657 0.033645 0.164078
3 0.220153 0.347773 0.036698 0.227867
3 0.266021 0.365998 0.050973 0.235171
1 0.931155 0.642193 0.088683 0.452099
1 0.854704 0.592978 0.064218 0.437526
1 0.785897 0.473567 0.034656 0.202355
1 0.789971 0.675913 0.071355 0.410188
1 0.758884 0.590239 0.054027 0.308089
1 0.736455 0.510939 0.060143 0.324505
1 0.677844 0.472645 0.038740 0.342730
1 0.622801 0.430725 0.042815 0.328140
1 0.561636 0.410674 0.034666 0.309915
1 0.509652 0.365998 0.042815 0.278925
1 0.468364 0.348686 0.037719 0.258874
1 0.410773 0.308575 0.038740 0.251587
1 0.288449 0.232918 0.016307 0.165904
