2 0.222185 0.592056 0.097863 0.103908
0 0.795988 0.402645 0.057090 0.140375
0 0.886202 0.464625 0.041794 0.122150
0 0.418311 0.193003 0.027519 0.052867
2 0.085592 0.733345 0.081546 0.222423
2 0.268058 0.711468 0.110086 0.302628
2 0.066737 0.263003 0.031603 0.149488
2 0.048383 0.256621 0.023445 0.111195
2 0.035644 0.249334 0.020391 0.096621
2 0.018311 0.282142 0.012233 0.122133
2 0.130954 0.275759 0.027519 0.156775
2 0.101393 0.262995 0.027519 0.116672
3 0.772137 0.674096 0.070344 0.446655
3 0.916379 0.654957 0.053006 0.433874
3 0.382739 0.299462 0.043836 0.229710
3 0.360315 0.266647 0.031603 0.200529
3 0.328201 0.251152 0.040773 0.202372
3 0.293034 0.237474 0.015286 0.167713
3 0.277233 0.225631 0.028550 0.180478
3 0.254299 0.225631 0.027529 0.154949
3 0.242066 0.170930 0.015296 0.085683
3 0.228302 0.209215 0.022424 0.140375
3 0.193645 0.211954 0.038740 0.164078
3 0.155926 0.252065 0.024466 0.171365
3 0.130444 0.273942 0.034666 0.164061
3 0.099866 0.262090 0.024466 0.129437
4 0.088655 0.746109 0.083588 0.255222
4 0.229323 0.590230 0.069313 0.151314
4 0.278254 0.708737 0.132519 0.264334
4 0.072848 0.258439 0.015296 0.129437
4 0.429122 0.302201 0.034656 0.249761
4 0.472948 0.346860 0.048931 0.284403
4 0.520348 0.383328 0.060143 0.302628
4 0.604957 0.460802 0.045868 0.340922
4 0.643693 0.339565 0.031603 0.116672
4 0.678865 0.459889 0.040782 0.313567
4 0.735439 0.522782 0.066260 0.329966
4 0.852156 0.594795 0.067271 0.441160
1 0.431670 0.321340 0.039752 0.262509
1 0.116684 0.211041 0.023445 0.071092
1 0.154399 0.251152 0.029561 0.184113
1 0.196193 0.219249 0.037710 0.175017
1 0.241045 0.208311 0.023445 0.156792
1 0.255315 0.235648 0.027519 0.171365
1 0.273154 0.235657 0.020391 0.200529
1 0.292013 0.250239 0.033645 0.175017
1 0.324633 0.258447 0.033635 0.224232
1 0.351646 0.271203 0.028540 0.231519
1 0.375601 0.313140 0.049943 0.220580
1 0.470401 0.338652 0.041794 0.286212
1 0.513726 0.372381 0.057090 0.306263
1 0.602409 0.467176 0.042815 0.335444
1 0.630954 0.421604 0.055038 0.251570
1 0.669179 0.481766 0.049943 0.324488
1 0.718111 0.524608 0.062176 0.355495
1 0.766527 0.530077 0.036698 0.158618
1 0.763469 0.660427 0.089704 0.422935
1 0.847061 0.603908 0.036698 0.444812
1 0.927080 0.683208 0.096832 0.457577
