3 0.204041 0.223080 0.020391 0.154966
3 0.229528 0.197560 0.028540 0.180478
3 0.244819 0.220341 0.008149 0.149488
3 0.265716 0.223080 0.019370 0.144010
3 0.281517 0.233106 0.014275 0.171365
3 0.301904 0.246775 0.030582 0.198703
3 0.325344 0.260452 0.024466 0.204181
3 0.360515 0.275947 0.027519 0.235171
3 0.386512 0.289616 0.028540 0.240631
3 0.417600 0.307850 0.039761 0.244300
3 0.454809 0.366186 0.036698 0.247935
3 0.757052 0.675188 0.092767 0.391945
3 0.923206 0.746288 0.111107 0.293498
4 0.287634 0.683396 0.154943 0.339078
4 0.084728 0.727142 0.091842 0.335444
2 0.277438 0.695239 0.175334 0.329966
2 0.097009 0.727142 0.106021 0.269812
2 0.064389 0.232193 0.006107 0.089334
2 0.081718 0.261365 0.010191 0.140375
2 0.046040 0.276852 0.034656 0.160427
2 0.017495 0.263183 0.018349 0.111212
1 0.140840 0.250418 0.022424 0.173191
1 0.171937 0.220341 0.029561 0.156792
1 0.197414 0.216698 0.039752 0.164078
1 0.226469 0.201203 0.022424 0.169539
1 0.262147 0.223985 0.016317 0.160427
1 0.277944 0.233097 0.013254 0.160427
1 0.297314 0.263191 0.031594 0.202355
1 0.325854 0.256809 0.025487 0.189590
1 0.361536 0.273217 0.031603 0.226058
1 0.385487 0.293268 0.024466 0.229710
1 0.417090 0.319701 0.032615 0.253396
1 0.451751 0.368012 0.042815 0.269812
1 0.502715 0.342483 0.030582 0.262509
1 0.557762 0.402645 0.055048 0.320853
1 0.606183 0.423609 0.066260 0.322679
1 0.669895 0.463720 0.046889 0.348191
1 0.723411 0.495623 0.074418 0.288038
1 0.752462 0.655137 0.093779 0.432048
1 0.785596 0.456425 0.047910 0.158618
1 0.826369 0.680657 0.096842 0.348208
1 0.889060 0.491058 0.044857 0.184130
1 0.930344 0.727142 0.125382 0.328140
1 0.942061 0.562159 0.036698 0.173191
3 0.172443 0.227637 0.032615 0.145853
4 0.504246 0.357986 0.039752 0.286212
4 0.546040 0.413584 0.041794 0.306280
4 0.588855 0.393532 0.064218 0.324505
4 0.666832 0.459155 0.034656 0.331792
4 0.715768 0.471920 0.053006 0.302611
4 0.784575 0.509292 0.058101 0.198720
4 0.834518 0.730785 0.082567 0.426587
4 0.934423 0.582218 0.047910 0.184130
4 0.112810 0.259539 0.027529 0.122150
3 0.143387 0.244036 0.019370 0.160427
0 0.429528 0.192090 0.021403 0.072918
0 0.477948 0.197551 0.026508 0.098447
0 0.803635 0.408114 0.043836 0.129437
0 0.912705 0.495623 0.045868 0.195068
