4 0.804757 0.476297 0.031594 0.204164
2 0.274179 0.737901 0.083588 0.260683
2 0.099356 0.719676 0.086651 0.224232
2 0.106999 0.234744 0.016307 0.169556
2 0.091198 0.264829 0.021403 0.149488
2 0.080496 0.212875 0.014275 0.085683
2 0.073359 0.260265 0.024466 0.129437
2 0.064184 0.242039 0.026498 0.100256
2 0.039208 0.288524 0.017328 0.145853
2 0.017295 0.289437 0.016307 0.114846
3 0.143693 0.250239 0.022424 0.156792
3 0.177844 0.227457 0.033645 0.158601
3 0.208936 0.211954 0.022433 0.167730
3 0.239518 0.218336 0.002032 0.147662
3 0.242576 0.219249 0.008149 0.142184
3 0.255825 0.219249 0.016307 0.127611
3 0.277743 0.221980 0.019361 0.158601
3 0.291503 0.256621 0.018349 0.176826
3 0.314442 0.255708 0.023445 0.211485
3 0.330749 0.256621 0.033635 0.224232
3 0.353177 0.276672 0.009179 0.246109
3 0.381212 0.290350 0.046889 0.244283
3 0.711994 0.557415 0.064218 0.362782
3 0.934723 0.666809 0.083588 0.417474
4 0.267552 0.751578 0.119265 0.309915
4 0.243082 0.613933 0.064218 0.209642
4 0.093750 0.723319 0.048931 0.227867
4 0.108020 0.227449 0.018349 0.089334
4 0.094256 0.260273 0.025477 0.136724
4 0.077438 0.262090 0.016307 0.107560
4 0.423006 0.291263 0.048931 0.271638
4 0.482123 0.358712 0.042815 0.297150
4 0.515258 0.378763 0.041794 0.286229
4 0.562657 0.551954 0.065239 0.362782
4 0.624838 0.458985 0.057080 0.362782
4 0.676317 0.458976 0.056069 0.308089
4 0.759905 0.633993 0.058111 0.399249
4 0.846040 0.581126 0.059122 0.395597
1 0.760415 0.641280 0.063197 0.355495
1 0.835339 0.617577 0.051994 0.443003
1 0.927591 0.671365 0.073387 0.444812
2 0.244103 0.613933 0.115191 0.213294
0 0.909136 0.485589 0.067281 0.182304
0 0.796498 0.405375 0.054027 0.153140
0 0.508020 0.204846 0.037719 0.087509
0 0.186918 0.166570 0.015286 0.043754
1 0.142171 0.255708 0.023445 0.153123
1 0.174280 0.219249 0.018349 0.145836
1 0.211484 0.204659 0.019361 0.171365
1 0.241045 0.211954 0.019361 0.175000
1 0.249709 0.219249 0.020391 0.134915
1 0.275196 0.229275 0.010200 0.165887
1 0.293540 0.252065 0.024466 0.200546
1 0.315969 0.254795 0.040773 0.209659
1 0.332786 0.247500 0.027519 0.213294
1 0.350119 0.273029 0.043826 0.220597
1 0.368464 0.276672 0.043836 0.216928
1 0.429628 0.309497 0.041794 0.235171
1 0.474990 0.361451 0.038740 0.298976
1 0.516274 0.365085 0.049952 0.280751
1 0.565711 0.533720 0.067281 0.329966
1 0.627390 0.457159 0.047910 0.322679
1 0.678373 0.468097 0.052032 0.322679
1 0.706384 0.561980 0.061164 0.419283
1 0.802715 0.510930 0.035677 0.222406
