0 0.168058 0.164744 0.016307 0.043754
1 0.140334 0.225811 0.021412 0.145853
1 0.205062 0.232193 0.022433 0.176843
1 0.238702 0.207577 0.024466 0.149488
1 0.255014 0.240401 0.028540 0.156775
1 0.289666 0.241305 0.034656 0.187765
1 0.318211 0.275026 0.028540 0.182304
1 0.361536 0.291433 0.019370 0.215119
1 0.390587 0.296911 0.022433 0.222423
1 0.424738 0.301468 0.015296 0.224232
1 0.458378 0.313319 0.027519 0.269812
1 0.500682 0.351596 0.055048 0.309915
1 0.542982 0.391706 0.070334 0.339078
1 0.599046 0.398089 0.056069 0.333618
1 0.661231 0.485589 0.064218 0.344556
0 0.907610 0.467363 0.051994 0.145853
0 0.801088 0.413584 0.044847 0.129420
0 0.474890 0.198464 0.028540 0.111195
0 0.429528 0.194821 0.025487 0.056502
3 0.295277 0.239480 0.013244 0.191416
3 0.320248 0.265922 0.024466 0.196894
3 0.364084 0.289616 0.028550 0.204181
3 0.391097 0.299642 0.021412 0.220580
3 0.424227 0.313319 0.022424 0.218754
3 0.457357 0.333370 0.027519 0.244283
3 0.929833 0.768166 0.116212 0.391962
3 0.520558 0.891826 0.129456 0.216348
2 0.514948 0.894565 0.136594 0.210870
2 0.267190 0.703447 0.118349 0.295324
2 0.086255 0.741732 0.072471 0.306263
2 0.083244 0.265009 0.019370 0.133089
2 0.060821 0.237654 0.007137 0.107560
2 0.049609 0.283234 0.029561 0.133089
2 0.032276 0.250418 0.011212 0.085683
2 0.021574 0.255896 0.014275 0.107560
1 0.113316 0.249514 0.018349 0.134898
1 0.180086 0.241305 0.031603 0.165887
4 0.112810 0.257722 0.025487 0.151314
4 0.500167 0.357073 0.060143 0.288038
4 0.549098 0.405384 0.060143 0.359130
4 0.600577 0.438191 0.040773 0.337270
4 0.660234 0.488336 0.058063 0.331792
4 0.724943 0.512944 0.048931 0.362782
4 0.790687 0.582218 0.051985 0.351843
4 0.811589 0.676101 0.087662 0.426604
4 0.923206 0.615034 0.070344 0.286212
3 0.183655 0.237662 0.026508 0.176826
3 0.142882 0.240392 0.020382 0.153140
3 0.209652 0.224898 0.021403 0.184130
3 0.235644 0.195734 0.008158 0.144027
3 0.259599 0.225811 0.017328 0.156775
4 0.264695 0.709821 0.129466 0.300802
4 0.081670 0.756314 0.075534 0.309932
1 0.736665 0.501092 0.058101 0.350034
1 0.800377 0.569454 0.065239 0.329966
1 0.812094 0.673370 0.092758 0.428413
1 0.926770 0.637816 0.089704 0.295324
1 0.920658 0.761783 0.122328 0.386468
