3 0.182433 0.228362 0.044847 0.156792
3 0.217600 0.209224 0.027529 0.133089
3 0.239008 0.201928 0.015286 0.165904
3 0.250730 0.207398 0.016307 0.169539
3 0.267037 0.219249 0.018349 0.156792
2 0.099351 0.731519 0.051985 0.207816
2 0.243082 0.577474 0.088683 0.169556
2 0.272648 0.706911 0.131498 0.191433
2 0.112099 0.273942 0.036698 0.156792
2 0.088144 0.258447 0.013254 0.100273
2 0.065205 0.239300 0.018349 0.102082
2 0.051446 0.273942 0.023445 0.102082
2 0.036665 0.236561 0.008158 0.063805
2 0.028507 0.271203 0.016307 0.114863
1 0.142677 0.274855 0.028540 0.169539
1 0.179885 0.235657 0.027519 0.156775
1 0.215052 0.208311 0.020391 0.145836
1 0.239008 0.196459 0.011221 0.187765
1 0.242576 0.191903 0.022424 0.164078
1 0.263984 0.220162 0.020391 0.151314
1 0.281312 0.229275 0.020391 0.158618
1 0.301698 0.243857 0.024466 0.209659
1 0.320558 0.273029 0.011212 0.198720
1 0.343998 0.265734 0.029561 0.231536
1 0.380191 0.281229 0.044847 0.251570
1 0.421474 0.323166 0.037719 0.251587
1 0.465816 0.343217 0.040773 0.251587
1 0.525959 0.396997 0.038731 0.297167
1 0.575906 0.408840 0.046889 0.320853
1 0.625859 0.454428 0.050973 0.331792
1 0.680391 0.492705 0.039752 0.280734
1 0.699761 0.566536 0.062176 0.399249
1 0.782839 0.695060 0.091746 0.393771
1 0.812400 0.542833 0.065239 0.293515
1 0.892419 0.622133 0.045868 0.277099
1 0.947977 0.577474 0.069313 0.144027
1 0.918927 0.781655 0.094800 0.322662
3 0.285902 0.237474 0.023445 0.196894
3 0.299151 0.248422 0.025477 0.200529
3 0.323106 0.265734 0.022433 0.220580
3 0.345019 0.260273 0.027519 0.246109
0 0.912705 0.487415 0.060143 0.178652
0 0.793440 0.408114 0.060143 0.140358
0 0.429017 0.203933 0.032615 0.082031
0 0.487118 0.208498 0.036698 0.105734
0 0.155315 0.181143 0.027519 0.065631
3 0.382739 0.277585 0.031603 0.247935
4 0.681923 0.452594 0.038731 0.295324
4 0.618211 0.421604 0.033635 0.280751
4 0.566226 0.400640 0.058101 0.297150
4 0.518822 0.414343 0.052987 0.324556
4 0.464289 0.350512 0.047910 0.236997
4 0.115153 0.273933 0.032615 0.138549
4 0.092729 0.715119 0.057080 0.211468
4 0.243593 0.573831 0.077471 0.198720
4 0.256336 0.705085 0.102958 0.184130
3 0.143187 0.272116 0.025477 0.164061
3 0.909241 0.765247 0.103979 0.355478
4 0.925038 0.634906 0.078492 0.182304
4 0.787934 0.692329 0.079513 0.344556
3 0.897519 0.608464 0.058111 0.289863
3 0.709952 0.554693 0.076450 0.382833
3 0.422490 0.313140 0.039752 0.267986
