1 0.929323 0.658788 0.074408 0.308089
2 0.089365 0.253157 0.021403 0.102082
2 0.052667 0.278686 0.017338 0.127611
2 0.025143 0.276860 0.017328 0.145836
1 0.178559 0.224898 0.028550 0.176826
1 0.216274 0.210316 0.020391 0.165887
1 0.233092 0.192995 0.017328 0.142201
1 0.247362 0.218524 0.023445 0.156775
1 0.269795 0.224898 0.023445 0.140375
1 0.290692 0.247688 0.028540 0.215102
1 0.313115 0.264096 0.026498 0.218771
1 0.340639 0.259539 0.026508 0.202355
1 0.357968 0.293259 0.018340 0.218771
1 0.392118 0.291442 0.027519 0.218754
1 0.421679 0.295998 0.029561 0.231519
1 0.457867 0.342491 0.020391 0.258874
1 0.497109 0.357073 0.054027 0.269812
1 0.565410 0.402645 0.041794 0.306280
1 0.627080 0.448217 0.059122 0.309915
1 0.714747 0.504744 0.067281 0.342730
1 0.777438 0.565811 0.062185 0.319027
1 0.838602 0.646937 0.062185 0.379198
1 0.847261 0.456425 0.014275 0.078379
4 0.087328 0.744471 0.100916 0.246109
4 0.296293 0.717116 0.145773 0.289863
4 0.124532 0.254983 0.028550 0.153140
4 0.566431 0.395358 0.054027 0.320853
4 0.623001 0.437287 0.065239 0.342730
4 0.710668 0.498353 0.071355 0.344556
4 0.768774 0.553951 0.053006 0.375546
4 0.840129 0.672449 0.067281 0.393771
4 0.923206 0.685213 0.086641 0.368242
3 0.220864 0.464633 0.070334 0.306263
3 0.217290 0.217611 0.030630 0.158601
3 0.233602 0.195725 0.016307 0.147662
3 0.251446 0.224898 0.021403 0.154949
3 0.275906 0.222167 0.019370 0.145836
3 0.297824 0.244044 0.020382 0.215119
3 0.317700 0.243131 0.021412 0.227867
3 0.338087 0.265000 0.023445 0.224232
3 0.360515 0.287799 0.025477 0.233345
3 0.388039 0.271391 0.031594 0.273464
3 0.423206 0.293268 0.038740 0.266160
3 0.458884 0.328814 0.036698 0.308106
4 0.501698 0.356160 0.042805 0.286212
2 0.088344 0.737167 0.109074 0.224232
0 0.198130 0.164735 0.021412 0.058345
0 0.438192 0.204846 0.020391 0.061980
0 0.515663 0.200290 0.024456 0.071092
0 0.812810 0.399906 0.031594 0.120324
0 0.903535 0.460990 0.049952 0.158601
2 0.300372 0.705265 0.145763 0.288038
2 0.222395 0.463712 0.071355 0.297150
2 0.123006 0.256800 0.029561 0.164078
2 0.098030 0.220341 0.018349 0.113038
2 0.069995 0.248601 0.021403 0.136724
