3 0.176827 0.331365 0.056059 0.220580
2 0.046345 0.246596 0.015286 0.123976
3 0.930649 0.672270 0.073397 0.475802
3 0.569284 0.414309 0.051985 0.328140
3 0.363368 0.281229 0.041794 0.236997
3 0.332791 0.250239 0.035677 0.200546
3 0.314442 0.229275 0.037719 0.213294
3 0.296603 0.234744 0.034656 0.184130
3 0.272137 0.239300 0.026508 0.178669
3 0.241050 0.206493 0.029561 0.164078
3 0.224738 0.210128 0.015296 0.160427
3 0.197214 0.219249 0.039752 0.134915
3 0.158473 0.233831 0.029561 0.160427
3 0.244614 0.324078 0.055048 0.227884
3 0.123306 0.249326 0.028540 0.125785
4 0.258378 0.742466 0.123340 0.266160
4 0.212505 0.641280 0.082567 0.180478
4 0.077438 0.725145 0.089704 0.191416
4 0.089160 0.245683 0.025477 0.122150
4 0.025448 0.281237 0.014275 0.116672
4 0.052462 0.252065 0.029561 0.123959
4 0.420453 0.297637 0.043826 0.244283
4 0.482634 0.351416 0.029561 0.289863
4 0.514747 0.363268 0.044857 0.302611
4 0.620763 0.424343 0.046889 0.340904
4 0.680391 0.458976 0.043836 0.319044
4 0.726775 0.507287 0.048931 0.364608
4 0.768058 0.677739 0.076460 0.490392
4 0.755825 0.468089 0.051994 0.096621
4 0.786918 0.432543 0.040782 0.127611
4 0.857257 0.588413 0.079513 0.479454
1 0.782333 0.487235 0.045868 0.244300
1 0.688039 0.454420 0.046899 0.328157
1 0.639113 0.434369 0.059122 0.350034
1 0.568774 0.422517 0.057090 0.322679
0 0.812300 0.405384 0.040782 0.134898
0 0.887223 0.461894 0.035687 0.123959
0 0.431059 0.194821 0.034656 0.082031
0 0.182839 0.168387 0.021403 0.058345
2 0.025959 0.285794 0.019361 0.125785
2 0.062147 0.253882 0.016317 0.116672
2 0.093750 0.245683 0.024466 0.136724
2 0.250219 0.340478 0.037710 0.260683
2 0.181412 0.338660 0.042805 0.235171
2 0.095787 0.751570 0.089704 0.233345
2 0.224733 0.631254 0.100916 0.160427
2 0.266016 0.746109 0.114170 0.277099
1 0.124327 0.252065 0.026498 0.149488
1 0.156436 0.212867 0.025487 0.125802
1 0.200272 0.226536 0.019361 0.145836
1 0.233912 0.192816 0.015286 0.122150
1 0.249709 0.215597 0.026498 0.149488
1 0.273158 0.226536 0.024466 0.153140
1 0.298130 0.234744 0.025477 0.176826
1 0.313421 0.220162 0.019361 0.147662
1 0.329728 0.261177 0.023445 0.185939
1 0.355725 0.268473 0.034656 0.218754
1 0.419432 0.314957 0.047910 0.253396
1 0.489771 0.334096 0.054027 0.295324
1 0.519337 0.362355 0.035677 0.293515
1 0.931670 0.650392 0.061164 0.413823
1 0.858783 0.592056 0.045868 0.410188
1 0.769079 0.701442 0.074418 0.494044
1 0.760415 0.539189 0.020391 0.216945
1 0.727796 0.530990 0.061164 0.360956
