0 0.886202 0.463720 0.029561 0.105734
0 0.804656 0.399906 0.043836 0.098447
3 0.113626 0.275768 0.025477 0.127611
4 0.720148 0.532807 0.070334 0.306263
4 0.664590 0.474471 0.046889 0.280751
4 0.746145 0.544659 0.048931 0.198703
3 0.149303 0.279403 0.033645 0.171365
4 0.839418 0.585683 0.064218 0.426587
0 0.437171 0.196647 0.026498 0.063805
1 0.784876 0.684121 0.097863 0.495853
1 0.852156 0.567449 0.055038 0.430222
1 0.918927 0.644932 0.045868 0.435700
1 0.722696 0.510930 0.069323 0.379198
1 0.682944 0.489053 0.055048 0.371894
1 0.612094 0.475384 0.072376 0.359130
1 0.517295 0.370563 0.045868 0.317201
1 0.483149 0.356894 0.034656 0.289863
1 0.424532 0.324983 0.051985 0.255222
1 0.379680 0.284872 0.037719 0.226058
1 0.351646 0.273029 0.020391 0.209642
1 0.323616 0.260265 0.033645 0.231519
1 0.299151 0.242952 0.021412 0.215119
1 0.283860 0.239300 0.033635 0.207816
1 0.244614 0.219249 0.030582 0.171365
1 0.209957 0.212867 0.020391 0.147679
1 0.186002 0.222892 0.021412 0.153123
1 0.111584 0.190990 0.015286 0.038294
2 0.149299 0.265734 0.035677 0.158601
2 0.116174 0.257534 0.036698 0.113020
2 0.029017 0.288524 0.019370 0.116672
2 0.048898 0.261177 0.028540 0.134915
2 0.081002 0.239300 0.017328 0.123959
2 0.244103 0.603908 0.105000 0.193242
2 0.253278 0.742457 0.117223 0.255222
2 0.096293 0.742457 0.094800 0.240648
3 0.765510 0.680478 0.114170 0.448464
3 0.931159 0.678652 0.084609 0.484915
3 0.384776 0.293080 0.027529 0.213294
3 0.352667 0.279411 0.018349 0.240631
3 0.323616 0.269377 0.019370 0.260700
3 0.306799 0.263908 0.018349 0.206007
3 0.284370 0.251152 0.020382 0.184113
3 0.244614 0.216510 0.012223 0.176843
3 0.209447 0.218336 0.017328 0.162235
3 0.182944 0.228362 0.023445 0.171365
4 0.269079 0.746109 0.091746 0.277099
4 0.234928 0.611203 0.056059 0.189608
4 0.099356 0.745196 0.058101 0.264352
4 0.414342 0.315870 0.041794 0.269795
4 0.471422 0.353242 0.043836 0.267986
4 0.503025 0.355068 0.051985 0.333618
4 0.603941 0.477201 0.062176 0.351843
