4 0.266021 0.702355 0.116202 0.302628
4 0.096298 0.735171 0.078492 0.233345
4 0.666121 0.454420 0.060143 0.346382
4 0.587629 0.418865 0.074418 0.300802
4 0.524943 0.376024 0.048931 0.280751
4 0.722696 0.473567 0.050964 0.293515
4 0.766021 0.567449 0.031603 0.382850
4 0.815458 0.672270 0.071355 0.439352
4 0.945425 0.586587 0.047910 0.176826
4 0.122290 0.266647 0.038740 0.123976
3 0.198740 0.453507 0.075439 0.308106
3 0.279270 0.447133 0.065239 0.298976
3 0.935744 0.764334 0.075439 0.342730
3 0.898025 0.587509 0.061164 0.277099
3 0.478049 0.354155 0.020391 0.269812
3 0.436760 0.329539 0.023445 0.249761
3 0.410262 0.304027 0.025487 0.246109
3 0.371522 0.291263 0.037719 0.227884
3 0.347061 0.278498 0.033645 0.198703
3 0.320558 0.263003 0.035677 0.211468
3 0.300677 0.255708 0.032615 0.182304
3 0.277743 0.219249 0.019361 0.138567
3 0.261431 0.211954 0.027519 0.156775
3 0.230344 0.195555 0.012233 0.164078
3 0.182433 0.236570 0.026508 0.176826
3 0.146245 0.242952 0.023445 0.149488
2 0.105978 0.741544 0.079513 0.235171
2 0.270095 0.712381 0.110095 0.278925
2 0.202309 0.449863 0.062176 0.311741
2 0.270611 0.455333 0.076450 0.260700
2 0.092729 0.209224 0.022424 0.085683
2 0.086613 0.253882 0.020382 0.120324
2 0.065205 0.250239 0.022433 0.131263
2 0.051446 0.290341 0.025487 0.153140
2 0.033092 0.234744 0.017328 0.096621
2 0.024432 0.278498 0.020391 0.144027
1 0.147261 0.241118 0.029561 0.160427
1 0.767548 0.562892 0.046889 0.359130
1 0.818516 0.674096 0.075429 0.391945
1 0.836870 0.507295 0.048931 0.138549
1 0.923006 0.771621 0.115191 0.364608
1 0.903125 0.585674 0.057090 0.244283
1 0.946446 0.576570 0.033635 0.193242
0 0.433096 0.218515 0.040773 0.140375
0 0.477438 0.207585 0.043826 0.129437
0 0.801594 0.452773 0.051985 0.226058
0 0.902514 0.504744 0.062185 0.267986
1 0.292013 0.221988 0.017328 0.169539
1 0.319537 0.239300 0.025487 0.164061
1 0.336355 0.255708 0.024466 0.207833
1 0.354194 0.269386 0.023445 0.202355
1 0.470406 0.329539 0.037719 0.267986
1 0.403125 0.304932 0.039761 0.266177
1 0.425043 0.324991 0.040773 0.266160
1 0.179885 0.244770 0.029561 0.167730
1 0.229323 0.188259 0.020382 0.167713
1 0.253788 0.211049 0.014275 0.154966
1 0.260410 0.198276 0.007137 0.140375
1 0.525959 0.392440 0.040773 0.298976
1 0.278764 0.212867 0.015296 0.133072
1 0.580496 0.414317 0.066260 0.302628
1 0.662047 0.472654 0.060143 0.350017
1 0.713526 0.489053 0.053006 0.306263
