2 0.086613 0.731527 0.061164 0.200529
2 0.213010 0.361451 0.053006 0.258874
2 0.267037 0.334104 0.065239 0.226058
2 0.188550 0.286698 0.036698 0.160427
2 0.087634 0.256621 0.036698 0.144027
2 0.053993 0.262090 0.016307 0.140358
2 0.034113 0.263003 0.017328 0.120307
2 0.024943 0.283968 0.017328 0.122133
2 0.018311 0.233840 0.014275 0.083857
1 0.853683 0.599352 0.054027 0.453925
1 0.920964 0.664983 0.105000 0.435700
1 0.780802 0.692321 0.085630 0.413823
1 0.751751 0.620316 0.070334 0.360973
1 0.781312 0.474471 0.058101 0.233345
1 0.728302 0.523695 0.064218 0.368242
1 0.678865 0.468089 0.069313 0.351843
1 0.624838 0.438020 0.071355 0.364608
1 0.572338 0.414309 0.064218 0.313567
1 0.519843 0.373294 0.065239 0.311741
1 0.465816 0.348686 0.053006 0.291672
1 0.417395 0.307671 0.051985 0.260700
1 0.358273 0.279411 0.041794 0.218754
1 0.323106 0.260273 0.032624 0.202355
1 0.305778 0.232918 0.028540 0.184130
1 0.291503 0.209224 0.018349 0.114863
1 0.272648 0.183703 0.023445 0.074744
1 0.234933 0.205580 0.029561 0.158601
1 0.209957 0.200111 0.026498 0.133089
1 0.179881 0.212867 0.025487 0.103925
1 0.159494 0.242944 0.019370 0.156775
3 0.924532 0.654036 0.087672 0.450290
3 0.572343 0.403379 0.049952 0.298976
3 0.357252 0.270299 0.039752 0.226058
3 0.272648 0.337747 0.058101 0.236997
3 0.217090 0.353242 0.048931 0.246109
3 0.183449 0.285794 0.038731 0.154966
3 0.151341 0.227449 0.035677 0.147662
3 0.185997 0.196459 0.025487 0.092986
3 0.206388 0.183695 0.023445 0.082031
3 0.228812 0.190990 0.035677 0.092969
3 0.268058 0.186433 0.020391 0.083857
3 0.289466 0.182790 0.016317 0.113020
3 0.299656 0.235657 0.022424 0.196877
3 0.321069 0.249334 0.038740 0.224232
4 0.094256 0.244770 0.033645 0.120324
4 0.028507 0.281229 0.020391 0.123959
4 0.059599 0.256621 0.019370 0.118498
0 0.810773 0.393532 0.031603 0.118498
0 0.883655 0.471920 0.038740 0.133089
0 0.430549 0.192090 0.025487 0.076570
0 0.185902 0.163831 0.023445 0.060154
4 0.852667 0.584770 0.086651 0.446638
4 0.776212 0.656775 0.076450 0.452116
4 0.753788 0.607560 0.043836 0.360956
4 0.787939 0.437099 0.038740 0.158601
4 0.728817 0.507287 0.046889 0.346382
4 0.677848 0.471732 0.053006 0.340904
4 0.626369 0.435282 0.037719 0.322679
4 0.514747 0.380589 0.057090 0.322679
4 0.468874 0.348686 0.048931 0.302628
4 0.415868 0.307671 0.044847 0.278925
4 0.260926 0.744283 0.118244 0.364608
4 0.221679 0.599352 0.076450 0.140375
4 0.092729 0.729701 0.085630 0.229710
2 0.263984 0.710555 0.114170 0.227867
2 0.218111 0.602090 0.063206 0.156775
