1 0.304962 0.257713 0.008149 0.184130
1 0.278965 0.234932 0.011212 0.171365
1 0.244308 0.209403 0.025487 0.171365
1 0.166326 0.250427 0.030573 0.140375
1 0.207610 0.205759 0.023445 0.142201
2 0.297314 0.718942 0.133540 0.253413
1 0.932891 0.482858 0.030573 0.087491
1 0.930344 0.675196 0.074408 0.340904
1 0.849809 0.471007 0.029561 0.114846
1 0.837581 0.692500 0.058101 0.353669
1 0.776927 0.529343 0.063206 0.348208
1 0.710157 0.496527 0.049952 0.362782
1 0.643392 0.445486 0.040773 0.286229
0 0.480496 0.211220 0.027519 0.085683
0 0.173664 0.173857 0.021412 0.069283
0 0.513626 0.190265 0.024466 0.080222
0 0.806694 0.397176 0.035677 0.122133
0 0.888750 0.436374 0.048931 0.160427
1 0.577638 0.414497 0.060143 0.348208
1 0.512910 0.346126 0.044847 0.277099
1 0.468569 0.334283 0.031603 0.275290
1 0.429327 0.305119 0.030582 0.249761
1 0.402820 0.306024 0.022433 0.229693
1 0.371217 0.293259 0.028540 0.196894
1 0.341150 0.270478 0.011212 0.220580
1 0.320759 0.247688 0.011212 0.156775
4 0.163779 0.254983 0.033645 0.145836
4 0.295782 0.721681 0.132519 0.266160
4 0.241760 0.568549 0.079513 0.149488
4 0.080191 0.747201 0.123340 0.236997
4 0.514952 0.350691 0.048931 0.286229
4 0.580191 0.411766 0.050973 0.331792
4 0.640334 0.440017 0.046889 0.304437
4 0.708120 0.491971 0.045878 0.353669
4 0.773869 0.533899 0.063197 0.375546
4 0.834012 0.681570 0.063197 0.342730
4 0.924738 0.678831 0.079513 0.384659
3 0.215258 0.203020 0.024466 0.140375
3 0.247877 0.208490 0.016307 0.173191
3 0.279986 0.234923 0.021403 0.182304
3 0.309547 0.254070 0.023445 0.187765
3 0.322796 0.264096 0.019370 0.175017
3 0.342677 0.275947 0.020391 0.205990
3 0.368669 0.274121 0.021403 0.231519
3 0.402820 0.290529 0.028540 0.249761
3 0.432891 0.311493 0.027519 0.262509
3 0.465005 0.335196 0.030582 0.288038
2 0.035339 0.265922 0.025487 0.149488
2 0.048082 0.247688 0.010191 0.113020
2 0.066937 0.254974 0.017328 0.120324
2 0.088855 0.238575 0.024466 0.134898
2 0.112300 0.239480 0.018340 0.147662
2 0.081718 0.741732 0.124370 0.229710
2 0.234113 0.562167 0.074408 0.136724
