2 0.214237 0.338840 0.038740 0.266177
2 0.092424 0.242218 0.019370 0.109386
2 0.070506 0.240401 0.024466 0.098447
2 0.050630 0.283234 0.017328 0.129437
2 0.026164 0.268652 0.025477 0.122150
2 0.801393 0.718038 0.112137 0.430239
1 0.155620 0.244957 0.027519 0.176843
1 0.205062 0.173857 0.022433 0.089317
1 0.247366 0.218515 0.015286 0.153140
1 0.286102 0.232193 0.029571 0.165887
1 0.337581 0.269565 0.028540 0.196877
1 0.360010 0.294181 0.024466 0.227884
1 0.391097 0.294172 0.025477 0.231519
1 0.427796 0.333370 0.021412 0.258857
1 0.465510 0.343404 0.037719 0.278925
1 0.506794 0.345222 0.034656 0.286212
1 0.560821 0.416314 0.063206 0.355495
1 0.618416 0.416323 0.051985 0.337253
1 0.697925 0.490154 0.068292 0.368259
1 0.763674 0.543933 0.048931 0.326331
1 0.843187 0.454599 0.024466 0.067457
1 0.927796 0.672449 0.081546 0.371894
0 0.911178 0.462807 0.034666 0.136741
0 0.810262 0.407201 0.038731 0.127611
0 0.507510 0.198464 0.020382 0.056519
0 0.434117 0.192995 0.016307 0.063805
0 0.181818 0.169300 0.023445 0.049215
4 0.085286 0.740819 0.107042 0.260683
4 0.274380 0.717125 0.154943 0.257048
3 0.803941 0.742637 0.109065 0.490392
3 0.509342 0.366186 0.041794 0.288038
3 0.460921 0.331544 0.040773 0.273464
3 0.434418 0.314232 0.046889 0.311741
3 0.395687 0.275939 0.036698 0.267986
3 0.217295 0.327901 0.040773 0.273447
3 0.232075 0.164735 0.007128 0.107560
3 0.250420 0.209403 0.017328 0.142184
3 0.270811 0.215785 0.019370 0.154949
3 0.285596 0.234019 0.030582 0.173191
3 0.309036 0.235836 0.024466 0.206007
3 0.336050 0.265913 0.033645 0.222406
3 0.361536 0.270478 0.027519 0.216928
2 0.085797 0.740811 0.116212 0.235171
2 0.268774 0.713473 0.141689 0.253396
2 0.117910 0.253157 0.029561 0.094812
4 0.555215 0.412671 0.051994 0.315375
4 0.621469 0.426348 0.054027 0.339078
4 0.697925 0.498362 0.058101 0.395597
4 0.765200 0.535725 0.054027 0.375546
4 0.910468 0.677918 0.085630 0.360956
4 0.115868 0.261357 0.027519 0.125785
