1 0.675301 0.475392 0.060143 0.373720
1 0.171221 0.230188 0.022424 0.142184
1 0.143693 0.229275 0.022424 0.125785
1 0.228302 0.195546 0.026508 0.167713
1 0.252767 0.197372 0.020382 0.134915
1 0.275706 0.232014 0.019370 0.171365
1 0.294051 0.233831 0.025487 0.178652
1 0.312910 0.262090 0.022424 0.195068
1 0.341455 0.273942 0.032624 0.185939
1 0.367958 0.290341 0.044847 0.211468
1 0.399556 0.298558 0.038731 0.257048
1 0.431670 0.323157 0.029561 0.233345
1 0.480091 0.345947 0.030582 0.238823
1 0.544308 0.378771 0.042815 0.297133
1 0.598845 0.417048 0.078492 0.333618
1 0.720658 0.491792 0.046889 0.308089
1 0.780291 0.564718 0.058101 0.388311
1 0.841961 0.438925 0.028540 0.100273
1 0.802209 0.629428 0.097853 0.368242
1 0.900577 0.577474 0.039761 0.264334
1 0.942371 0.578387 0.058101 0.189608
1 0.923516 0.729693 0.124361 0.339078
2 0.109036 0.771630 0.091737 0.240631
2 0.263469 0.724232 0.096842 0.240648
0 0.904552 0.459155 0.043836 0.133089
0 0.804656 0.423609 0.039752 0.145853
0 0.477433 0.205759 0.029561 0.089334
0 0.425959 0.208490 0.024456 0.116672
0 0.202209 0.162005 0.023445 0.052884
3 0.315458 0.255708 0.021412 0.196877
3 0.289466 0.233831 0.016317 0.185956
3 0.276212 0.215597 0.012233 0.153140
3 0.251746 0.192816 0.012233 0.118498
3 0.230854 0.172765 0.015296 0.111195
3 0.147777 0.223805 0.024466 0.125802
3 0.176827 0.229275 0.023445 0.140358
2 0.022390 0.252065 0.010200 0.109386
2 0.049914 0.266647 0.018340 0.116672
2 0.076417 0.248422 0.028540 0.116672
2 0.089160 0.263003 0.017328 0.105734
2 0.099356 0.227457 0.021403 0.114846
2 0.141660 0.364181 0.046889 0.246109
2 0.244614 0.348686 0.057090 0.255222
3 0.249203 0.366911 0.049952 0.258874
3 0.142677 0.375119 0.038731 0.220580
4 0.481107 0.358712 0.038740 0.238823
4 0.538698 0.396084 0.047910 0.288038
4 0.589671 0.426169 0.074418 0.362782
4 0.668669 0.498174 0.044857 0.320853
4 0.714542 0.506374 0.046889 0.271621
4 0.763473 0.578387 0.057080 0.353669
4 0.815969 0.682304 0.062185 0.360956
4 0.293034 0.726058 0.133531 0.255222
4 0.093745 0.743370 0.114170 0.257048
3 0.339418 0.277585 0.024466 0.175000
3 0.369485 0.289437 0.027519 0.220580
3 0.399046 0.280324 0.031603 0.267986
3 0.431665 0.324078 0.025487 0.246109
3 0.929098 0.780768 0.117185 0.350068
3 0.909752 0.591143 0.045878 0.196894
