3 0.270606 0.238396 0.021403 0.162253
3 0.296093 0.250239 0.031594 0.193242
4 0.085592 0.719676 0.067271 0.293515
4 0.233912 0.604821 0.068302 0.144010
4 0.300172 0.723319 0.160038 0.278925
4 0.430138 0.322253 0.032624 0.286212
4 0.511689 0.381493 0.032615 0.331792
4 0.568263 0.393345 0.058111 0.267986
4 0.623822 0.452594 0.040773 0.320853
4 0.669184 0.448038 0.047910 0.329966
4 0.771627 0.655862 0.055048 0.406536
4 0.854198 0.574744 0.081546 0.390137
3 0.148793 0.248413 0.028540 0.171365
3 0.176317 0.213780 0.034656 0.120324
3 0.210973 0.213780 0.032615 0.153123
3 0.243082 0.224718 0.029561 0.164078
3 0.258888 0.238396 0.028540 0.158601
3 0.322090 0.260265 0.024466 0.235171
3 0.342476 0.273029 0.030582 0.209642
3 0.362863 0.280316 0.026508 0.235171
3 0.391913 0.301288 0.033635 0.229710
3 0.714031 0.564718 0.080525 0.410188
3 0.912300 0.785307 0.108053 0.395597
3 0.951546 0.559249 0.039752 0.162253
2 0.290997 0.714206 0.168197 0.282577
2 0.233907 0.589317 0.072376 0.149488
2 0.093240 0.727875 0.080525 0.328140
2 0.091708 0.230188 0.024466 0.102082
2 0.084065 0.245683 0.019370 0.092969
2 0.061641 0.213780 0.017328 0.105751
2 0.051951 0.265742 0.020391 0.125785
2 0.040740 0.252969 0.010200 0.114846
2 0.024427 0.256621 0.012233 0.096621
1 0.118721 0.264829 0.013244 0.123959
1 0.151851 0.252969 0.020382 0.180478
1 0.171727 0.210128 0.019370 0.116672
1 0.214036 0.221067 0.024466 0.138549
1 0.242572 0.207398 0.016307 0.151314
1 0.254299 0.215606 0.003063 0.138549
1 0.265000 0.239309 0.020382 0.160427
1 0.291503 0.252065 0.030582 0.185939
1 0.323612 0.273029 0.023445 0.213294
1 0.340434 0.253891 0.022433 0.193242
1 0.363879 0.293080 0.026498 0.242474
1 0.389876 0.295819 0.039752 0.251570
1 0.438292 0.330452 0.057080 0.266160
1 0.518822 0.397901 0.026498 0.317201
1 0.569284 0.412491 0.056069 0.284403
1 0.618211 0.449863 0.056059 0.326314
1 0.665615 0.461706 0.055048 0.320853
1 0.714542 0.556510 0.055038 0.353669
1 0.769585 0.620316 0.053006 0.317218
1 0.799661 0.413396 0.027529 0.118498
1 0.858273 0.592056 0.069313 0.348208
1 0.947471 0.577474 0.041794 0.151297
1 0.890382 0.791681 0.149847 0.350017
0 0.498335 0.203020 0.038731 0.091160
0 0.908120 0.480119 0.050973 0.171365
0 0.425448 0.189352 0.025477 0.067440
0 0.800573 0.412671 0.054027 0.116672
