1 0.216579 0.197372 0.023445 0.164061
2 0.051441 0.266647 0.017328 0.116672
2 0.023922 0.275759 0.017328 0.138549
1 0.113626 0.267560 0.015286 0.133072
1 0.143698 0.232918 0.026498 0.154949
1 0.180391 0.242952 0.012233 0.123959
0 0.791913 0.387150 0.044857 0.120307
0 0.911684 0.460981 0.047910 0.144010
0 0.496298 0.207577 0.036698 0.096621
0 0.433096 0.187526 0.028540 0.071092
1 0.563163 0.399727 0.049952 0.298976
1 0.524432 0.388788 0.045868 0.317201
1 0.460720 0.338652 0.050964 0.264334
1 0.407715 0.317688 0.044857 0.247935
1 0.373053 0.286698 0.032615 0.229710
1 0.346040 0.272116 0.029561 0.200546
1 0.319537 0.264821 0.029571 0.207833
1 0.296598 0.263003 0.030582 0.189590
1 0.274685 0.251152 0.019370 0.198720
1 0.258373 0.229275 0.021403 0.162235
1 0.250219 0.196459 0.013244 0.133089
1 0.240539 0.202841 0.016307 0.153123
3 0.943392 0.578387 0.068292 0.167730
3 0.897519 0.762517 0.115191 0.419300
2 0.298640 0.705085 0.150868 0.165904
2 0.231360 0.564710 0.101937 0.140375
2 0.119742 0.723319 0.078492 0.195068
2 0.082514 0.263916 0.016269 0.147662
2 0.095782 0.221988 0.024466 0.085683
2 0.065205 0.241118 0.024456 0.116672
2 0.037681 0.235657 0.022424 0.076570
4 0.571827 0.409753 0.040773 0.278925
4 0.625348 0.457150 0.051994 0.351843
4 0.675296 0.473558 0.051985 0.319027
4 0.765510 0.629428 0.071365 0.371894
4 0.852667 0.617585 0.082567 0.366433
3 0.145735 0.247509 0.028550 0.136724
3 0.178865 0.232918 0.021412 0.140375
3 0.219132 0.199198 0.022424 0.171365
3 0.240534 0.207398 0.022424 0.158618
3 0.243087 0.201928 0.023445 0.133072
3 0.260415 0.223805 0.013254 0.162253
3 0.281823 0.251152 0.027519 0.202372
3 0.298640 0.256621 0.024456 0.176826
3 0.321069 0.265734 0.024466 0.202355
3 0.343492 0.255717 0.018340 0.215119
3 0.376622 0.283055 0.029561 0.222423
3 0.413316 0.315870 0.049952 0.269795
3 0.704346 0.561067 0.101937 0.388311
1 0.672748 0.479949 0.053015 0.302628
1 0.626880 0.478123 0.046889 0.324505
1 0.712505 0.590230 0.053006 0.362782
1 0.768569 0.631254 0.063206 0.324488
1 0.815969 0.455333 0.033635 0.176843
1 0.847572 0.600265 0.074418 0.390119
1 0.918927 0.777099 0.109074 0.390137
1 0.948483 0.573831 0.041794 0.187765
4 0.101393 0.723319 0.058111 0.213294
4 0.231360 0.570179 0.079513 0.111212
4 0.292524 0.703259 0.169208 0.224232
4 0.109041 0.254795 0.018349 0.100273
4 0.460720 0.326809 0.055048 0.280751
4 0.525448 0.370555 0.039752 0.309915
