1 0.363573 0.274121 0.025487 0.257048
1 0.389571 0.275034 0.012233 0.222423
1 0.422190 0.305111 0.028540 0.271621
1 0.461436 0.331544 0.035677 0.273464
1 0.504246 0.342483 0.025477 0.240631
1 0.550630 0.402645 0.044847 0.306280
1 0.606183 0.429991 0.049943 0.346365
1 0.684676 0.476476 0.068302 0.370085
1 0.763168 0.516587 0.043836 0.359147
1 0.812605 0.533908 0.036698 0.240648
1 0.840639 0.591331 0.045878 0.329966
1 0.835029 0.648754 0.061164 0.346382
1 0.908426 0.523874 0.042805 0.154949
1 0.943593 0.554863 0.070334 0.136724
1 0.901799 0.771809 0.117223 0.395597
1 0.327390 0.248601 0.030582 0.206007
1 0.301393 0.244044 0.021412 0.215119
1 0.273364 0.213055 0.018349 0.153140
1 0.255520 0.204846 0.019361 0.122150
1 0.241760 0.193003 0.018349 0.127611
1 0.210668 0.246783 0.029561 0.195068
1 0.144924 0.236749 0.024466 0.123976
2 0.120964 0.230367 0.029561 0.082031
2 0.114847 0.272304 0.031603 0.140375
2 0.084776 0.252253 0.008158 0.118498
2 0.094461 0.210316 0.021403 0.052884
2 0.066937 0.241305 0.015286 0.133089
2 0.051646 0.237662 0.009170 0.052867
2 0.047567 0.285060 0.031603 0.144010
2 0.037886 0.223080 0.014265 0.067457
2 0.022085 0.253157 0.019361 0.109386
2 0.268263 0.695247 0.126393 0.282577
2 0.104652 0.721681 0.096842 0.247935
3 0.205568 0.250418 0.035677 0.195068
3 0.235134 0.189352 0.021412 0.113038
3 0.258578 0.232193 0.015286 0.147662
3 0.275348 0.245862 0.002147 0.138549
3 0.285592 0.264096 0.014275 0.131263
3 0.299356 0.266826 0.025487 0.176826
3 0.327896 0.259539 0.021403 0.180478
0 0.169590 0.158353 0.015286 0.041928
0 0.438192 0.202116 0.020391 0.056519
0 0.505468 0.208490 0.026508 0.051041
0 0.805167 0.409940 0.042815 0.151314
0 0.904552 0.470094 0.058111 0.154966
4 0.837071 0.664258 0.053015 0.322679
4 0.759089 0.519317 0.039761 0.342730
4 0.685692 0.489241 0.070334 0.366433
4 0.601594 0.452782 0.048931 0.315392
4 0.553688 0.411758 0.044857 0.273447
4 0.498130 0.355247 0.033645 0.255239
4 0.266732 0.703447 0.133540 0.280751
4 0.103125 0.718942 0.079513 0.238805
3 0.903330 0.790956 0.103969 0.408362
3 0.459394 0.340666 0.021403 0.258874
3 0.418616 0.306937 0.031603 0.257048
3 0.393645 0.286886 0.024466 0.253396
3 0.364594 0.273217 0.027529 0.204181
