1 0.932667 0.684121 0.071307 0.419300
0 0.911689 0.473746 0.066260 0.165887
0 0.794461 0.402645 0.043826 0.147679
0 0.508020 0.211229 0.035677 0.100273
0 0.187428 0.172039 0.020391 0.054693
1 0.293034 0.268473 0.021412 0.182304
1 0.270606 0.257534 0.035677 0.178652
1 0.255825 0.250239 0.018349 0.171365
1 0.237987 0.222892 0.029561 0.164078
1 0.205878 0.212867 0.024466 0.154949
2 0.023411 0.219249 0.018349 0.043754
1 0.181412 0.251152 0.028550 0.173191
1 0.142171 0.256621 0.035677 0.176826
1 0.312915 0.276681 0.018349 0.173191
1 0.327696 0.280324 0.023445 0.187782
1 0.351140 0.275759 0.021403 0.182304
1 0.377128 0.294898 0.022424 0.202355
1 0.432686 0.316783 0.023445 0.238823
1 0.485186 0.353234 0.030582 0.278925
1 0.544819 0.414309 0.043836 0.335444
1 0.519843 0.349590 0.034666 0.224232
1 0.631460 0.454420 0.054027 0.342730
1 0.673259 0.466271 0.035677 0.286229
1 0.703325 0.562892 0.042815 0.413840
1 0.770095 0.634906 0.076450 0.375546
1 0.734418 0.393345 0.039752 0.122150
1 0.850625 0.571092 0.072376 0.379181
4 0.240029 0.586587 0.080534 0.176826
4 0.261947 0.718763 0.120286 0.262509
4 0.092219 0.710555 0.076460 0.231519
4 0.430649 0.307671 0.029561 0.238823
4 0.482634 0.341391 0.031603 0.288038
4 0.519843 0.339573 0.034666 0.277099
4 0.628406 0.463541 0.058111 0.371894
4 0.674275 0.457150 0.041794 0.289863
4 0.856231 0.586587 0.059122 0.351843
4 0.762963 0.631254 0.082567 0.382850
3 0.144203 0.248413 0.033635 0.153140
3 0.179370 0.245683 0.036698 0.169556
3 0.208936 0.211954 0.022433 0.160427
3 0.239008 0.218336 0.017328 0.158618
3 0.258884 0.233831 0.020382 0.178652
3 0.272137 0.238387 0.020382 0.198720
3 0.294051 0.252056 0.021403 0.204181
3 0.311384 0.266647 0.019370 0.196877
3 0.334318 0.263916 0.020391 0.220597
3 0.352667 0.271212 0.020391 0.224232
3 0.376622 0.283959 0.031603 0.224232
3 0.542266 0.427986 0.040773 0.300785
3 0.710463 0.567449 0.042815 0.411997
3 0.932180 0.679565 0.072376 0.424761
2 0.230344 0.582944 0.069313 0.180495
2 0.258884 0.723319 0.108053 0.282577
2 0.115663 0.733345 0.096842 0.240648
2 0.033092 0.309488 0.031603 0.154949
2 0.093745 0.240213 0.026498 0.140358
2 0.079475 0.268464 0.026508 0.127611
2 0.064184 0.268473 0.020391 0.123976
2 0.054504 0.224718 0.017328 0.058345
2 0.041250 0.221067 0.013244 0.032816
