4 0.123311 0.270290 0.026508 0.131263
4 0.093750 0.728788 0.081546 0.260683
4 0.285391 0.721493 0.142710 0.304454
4 0.488244 0.376032 0.057080 0.309915
4 0.545324 0.395171 0.061164 0.333618
4 0.588139 0.415222 0.059122 0.326314
4 0.661536 0.468089 0.048931 0.337270
4 0.717090 0.495435 0.049943 0.326331
4 0.755825 0.564710 0.035677 0.308089
4 0.816479 0.675913 0.069313 0.366433
4 0.941350 0.575657 0.060143 0.151314
3 0.217094 0.277585 0.040773 0.204181
3 0.175296 0.238387 0.034656 0.154966
3 0.145224 0.250239 0.027529 0.131263
3 0.312910 0.252978 0.022424 0.187765
3 0.297619 0.233831 0.020391 0.196877
3 0.282839 0.228362 0.021403 0.164061
3 0.261431 0.215597 0.021412 0.153140
3 0.249709 0.214693 0.020391 0.162253
3 0.234423 0.179138 0.020391 0.116672
3 0.353177 0.273020 0.027519 0.246109
3 0.378659 0.275759 0.037719 0.240631
3 0.408731 0.298549 0.032615 0.260683
3 0.437786 0.329539 0.043836 0.271638
3 0.915864 0.759778 0.096842 0.457577
3 0.902615 0.643106 0.092767 0.271638
2 0.093745 0.735171 0.079513 0.277099
2 0.286407 0.720580 0.138635 0.328157
2 0.050930 0.328635 0.028540 0.149488
2 0.095277 0.229275 0.015286 0.103908
2 0.084571 0.252065 0.022424 0.105734
2 0.067242 0.221067 0.020382 0.076570
2 0.050420 0.226544 0.017328 0.054693
1 0.139618 0.242952 0.022424 0.145836
1 0.180396 0.251152 0.018349 0.133089
1 0.206388 0.271203 0.031594 0.198720
1 0.227285 0.165469 0.026498 0.118481
1 0.263469 0.214693 0.013254 0.140375
1 0.279270 0.232014 0.018349 0.149488
1 0.296093 0.230188 0.021403 0.164061
1 0.312910 0.256621 0.024466 0.173174
1 0.354198 0.285785 0.027519 0.224232
1 0.379170 0.282142 0.028550 0.227867
1 0.407710 0.295819 0.022424 0.218771
1 0.437781 0.334096 0.035677 0.258874
1 0.490281 0.369650 0.053006 0.286229
1 0.537681 0.388788 0.066260 0.320853
1 0.598845 0.408848 0.076450 0.328140
1 0.662047 0.475384 0.062185 0.344556
1 0.722190 0.528259 0.058101 0.289863
1 0.761942 0.556510 0.049952 0.320870
1 0.810868 0.622142 0.078492 0.350017
1 0.924022 0.632167 0.074418 0.224232
1 0.919943 0.768899 0.113149 0.344556
0 0.193545 0.170213 0.016307 0.029164
0 0.429528 0.197551 0.027529 0.076570
0 0.478969 0.205751 0.022424 0.096621
0 0.803631 0.409940 0.047910 0.129437
0 0.908631 0.481041 0.056059 0.162253
