1 0.734423 0.534633 0.070334 0.360973
2 0.248693 0.731527 0.122328 0.266160
2 0.089666 0.713294 0.083588 0.229693
2 0.094766 0.215606 0.010200 0.094795
2 0.086102 0.268473 0.027529 0.134898
2 0.065205 0.215597 0.020391 0.083857
2 0.045329 0.272116 0.013254 0.120307
2 0.120248 0.261177 0.026508 0.123959
2 0.114136 0.193720 0.018349 0.061980
3 0.145224 0.247509 0.023445 0.154949
3 0.202820 0.238387 0.028540 0.169539
3 0.233912 0.201937 0.021412 0.151314
3 0.314442 0.259352 0.023445 0.196894
3 0.360310 0.276672 0.021403 0.238805
3 0.388855 0.286706 0.031603 0.258874
3 0.414847 0.307671 0.038740 0.278925
3 0.454094 0.343217 0.045878 0.324488
0 0.465716 0.193908 0.024466 0.072935
3 0.915868 0.776186 0.117233 0.399232
4 0.096293 0.709650 0.082567 0.244283
4 0.266021 0.731519 0.163092 0.284403
4 0.508120 0.371468 0.039752 0.271638
4 0.549914 0.421613 0.035687 0.309915
4 0.596298 0.422517 0.061164 0.326331
4 0.660005 0.477210 0.056059 0.337253
4 0.731875 0.549215 0.055048 0.328157
4 0.831260 0.753404 0.068302 0.375546
1 0.279275 0.239300 0.024466 0.164061
1 0.253788 0.207398 0.016317 0.147662
1 0.248182 0.201015 0.011212 0.120324
1 0.230854 0.202841 0.027529 0.156775
1 0.204351 0.228362 0.029561 0.178669
1 0.174790 0.229275 0.019370 0.133089
1 0.149303 0.250239 0.027519 0.171365
0 0.808220 0.410853 0.044857 0.131263
0 0.911689 0.478294 0.049943 0.171365
1 0.387328 0.293080 0.024466 0.253396
1 0.360821 0.279411 0.034656 0.240631
1 0.308836 0.238387 0.038740 0.195068
1 0.293545 0.228362 0.028540 0.171365
1 0.421474 0.301288 0.033635 0.269812
1 0.455110 0.334096 0.037719 0.298976
1 0.506594 0.375119 0.038740 0.282560
1 0.550935 0.401544 0.045878 0.309915
1 0.604451 0.423430 0.063197 0.302628
1 0.663063 0.465358 0.045878 0.335427
1 0.768058 0.541928 0.060143 0.346382
1 0.838397 0.500913 0.054027 0.216945
1 0.830243 0.740640 0.062185 0.375546
1 0.888344 0.602082 0.043826 0.255222
1 0.948998 0.578387 0.071355 0.200529
1 0.910258 0.768891 0.142710 0.413823
