1 0.268063 0.224718 0.036698 0.251587
0 0.200172 0.159275 0.015286 0.036468
0 0.422390 0.185708 0.031594 0.063805
0 0.510057 0.196647 0.029561 0.085683
0 0.798535 0.406288 0.049952 0.125785
0 0.914237 0.479206 0.048931 0.151314
3 0.361837 0.277585 0.030582 0.247935
3 0.385286 0.289437 0.034656 0.249761
3 0.709957 0.551954 0.092758 0.410188
3 0.938292 0.666800 0.088683 0.406536
2 0.101904 0.752491 0.097853 0.249761
2 0.229833 0.591152 0.070334 0.164078
2 0.300172 0.724232 0.137615 0.273447
2 0.112605 0.251152 0.031603 0.151314
2 0.082023 0.262090 0.021412 0.151314
1 0.108526 0.257526 0.021403 0.149488
1 0.136560 0.257534 0.026498 0.189608
1 0.174275 0.237483 0.024466 0.200529
1 0.213010 0.207398 0.020391 0.147662
1 0.236970 0.203754 0.025487 0.140375
1 0.257867 0.228370 0.016307 0.182304
1 0.282328 0.267560 0.022424 0.213311
1 0.307815 0.256621 0.022424 0.169556
1 0.327180 0.273029 0.030582 0.187765
1 0.363884 0.279403 0.024466 0.215119
1 0.386302 0.316783 0.028540 0.213294
1 0.428101 0.316783 0.046889 0.238823
1 0.477538 0.379676 0.054027 0.244300
1 0.536665 0.396997 0.058101 0.308089
1 0.625348 0.460802 0.051994 0.359147
1 0.672748 0.472645 0.059122 0.342730
1 0.712505 0.550128 0.079513 0.413840
1 0.771627 0.736084 0.085620 0.381007
1 0.778254 0.593882 0.080534 0.253396
1 0.839924 0.591152 0.085630 0.328140
1 0.929122 0.668626 0.088683 0.395614
3 0.776722 0.753396 0.099895 0.390137
4 0.098845 0.756135 0.099905 0.249744
4 0.233402 0.592969 0.089704 0.167713
4 0.293030 0.730614 0.143731 0.271638
4 0.113626 0.259360 0.039752 0.138549
4 0.078969 0.252065 0.017328 0.134915
4 0.481107 0.364181 0.061164 0.286212
4 0.425549 0.324983 0.047910 0.236997
4 0.534117 0.394258 0.077471 0.335444
4 0.623817 0.468097 0.061164 0.362782
4 0.668158 0.469915 0.080534 0.337270
4 0.850625 0.575648 0.062185 0.355495
4 0.771116 0.592065 0.082576 0.286212
3 0.141145 0.245683 0.017328 0.169556
3 0.176823 0.239300 0.029561 0.185939
3 0.210973 0.206485 0.020382 0.153140
3 0.240539 0.206485 0.018349 0.134915
3 0.256846 0.229275 0.022433 0.180495
3 0.272137 0.231101 0.040782 0.238823
3 0.292013 0.263003 0.017328 0.207816
3 0.310868 0.263003 0.024466 0.185939
3 0.332281 0.257534 0.024466 0.226058
