4 0.426570 0.306758 0.049952 0.251570
4 0.552972 0.420691 0.062185 0.348208
4 0.483655 0.357799 0.062176 0.313549
0 0.799051 0.407210 0.053006 0.160427
0 0.426980 0.183882 0.030582 0.060154
3 0.121780 0.253891 0.023445 0.153140
4 0.289466 0.758865 0.154943 0.284386
4 0.241555 0.610290 0.112137 0.176826
4 0.104962 0.726962 0.097863 0.242457
0 0.506994 0.192090 0.041794 0.076570
3 0.144714 0.237483 0.024466 0.164078
3 0.183454 0.232918 0.034656 0.176826
4 0.855219 0.529164 0.108053 0.291672
4 0.757357 0.664983 0.083588 0.399249
0 0.902514 0.483771 0.060143 0.167713
4 0.671732 0.474471 0.067281 0.324505
4 0.617190 0.435282 0.074418 0.384659
1 0.814948 0.433456 0.037719 0.100256
1 0.847061 0.707824 0.087672 0.353669
1 0.911789 0.747935 0.119265 0.404710
1 0.762452 0.637637 0.075439 0.326331
1 0.856236 0.523695 0.091746 0.262509
3 0.218111 0.221980 0.010191 0.136724
3 0.245630 0.208311 0.012233 0.120307
3 0.256846 0.215606 0.020391 0.134898
3 0.278254 0.238387 0.028550 0.195068
3 0.294561 0.245683 0.022424 0.202355
3 0.313931 0.281229 0.020382 0.189590
3 0.339418 0.269386 0.022424 0.206007
3 0.362352 0.283055 0.021403 0.222423
3 0.387839 0.295811 0.023445 0.244283
3 0.719642 0.559249 0.079513 0.395597
3 0.844513 0.702355 0.054027 0.350034
3 0.915353 0.735171 0.095821 0.404710
2 0.107510 0.731519 0.090725 0.233345
2 0.243597 0.612108 0.093779 0.147662
2 0.279270 0.747927 0.140677 0.269812
2 0.070811 0.254795 0.031603 0.140375
2 0.045324 0.275759 0.029561 0.134898
2 0.087634 0.236561 0.014275 0.125785
1 0.122290 0.266647 0.026508 0.167730
1 0.138597 0.244778 0.026508 0.171365
1 0.180391 0.229275 0.034656 0.162235
1 0.216579 0.200102 0.015296 0.144027
1 0.243087 0.202841 0.003063 0.134898
1 0.255825 0.211962 0.014265 0.109386
1 0.276722 0.222892 0.027529 0.178652
1 0.296093 0.246596 0.025487 0.204181
1 0.311889 0.300375 0.026508 0.162253
1 0.336360 0.263916 0.028540 0.191416
1 0.360310 0.279411 0.021403 0.200529
1 0.387323 0.296732 0.030582 0.238823
1 0.426570 0.304019 0.037719 0.227867
1 0.482638 0.367833 0.060143 0.311741
1 0.549914 0.420700 0.066260 0.333618
1 0.616169 0.427073 0.060143 0.375546
1 0.666632 0.458985 0.042805 0.300802
1 0.718111 0.567449 0.051985 0.393771
