4 0.083755 0.744462 0.101937 0.242474
4 0.309036 0.716203 0.144752 0.229710
4 0.242777 0.585853 0.081546 0.140375
4 0.497619 0.350691 0.040773 0.297150
4 0.572543 0.399915 0.043826 0.308089
4 0.628101 0.436374 0.036698 0.308106
4 0.707615 0.502918 0.059122 0.339078
4 0.773869 0.572193 0.055048 0.393771
4 0.834523 0.659693 0.033645 0.328157
4 0.916069 0.670631 0.080534 0.306280
4 0.168364 0.248601 0.026498 0.158601
3 0.184676 0.229454 0.026508 0.145836
3 0.214237 0.211229 0.020382 0.142184
3 0.250935 0.197551 0.012233 0.176843
3 0.276417 0.234932 0.008158 0.167713
3 0.287123 0.226724 0.003063 0.165904
3 0.298845 0.255896 0.022424 0.213294
3 0.315153 0.247688 0.024466 0.211485
3 0.341150 0.268652 0.013254 0.227884
3 0.372748 0.280503 0.027519 0.244283
3 0.399761 0.282329 0.030573 0.247935
3 0.428812 0.312406 0.027529 0.260683
3 0.462452 0.345222 0.031603 0.275290
2 0.034828 0.269565 0.020382 0.160427
2 0.056236 0.254070 0.020391 0.154966
2 0.072548 0.247688 0.012233 0.127628
2 0.086813 0.234932 0.014275 0.123959
2 0.107204 0.237662 0.022424 0.129420
2 0.136255 0.244044 0.015296 0.171365
2 0.234623 0.582218 0.081555 0.158601
2 0.081207 0.729881 0.107032 0.227884
2 0.297824 0.697978 0.134561 0.233362
1 0.186155 0.229454 0.001126 0.131263
1 0.210157 0.206664 0.016307 0.129437
1 0.248383 0.210316 0.023445 0.144010
1 0.280496 0.223985 0.010191 0.113020
1 0.294260 0.256809 0.011212 0.175017
1 0.318721 0.253166 0.017328 0.182304
1 0.336560 0.265922 0.022433 0.196894
1 0.372238 0.296903 0.030582 0.226058
1 0.399251 0.287790 0.021403 0.226058
1 0.425248 0.311493 0.036698 0.240631
1 0.460926 0.354334 0.038740 0.282560
1 0.508325 0.363447 0.027529 0.267986
1 0.579170 0.416323 0.046889 0.340904
1 0.632686 0.450043 0.058101 0.328140
1 0.705573 0.498353 0.061164 0.348208
1 0.772338 0.563985 0.064218 0.391962
1 0.840129 0.670631 0.050964 0.320853
1 0.916073 0.680657 0.092758 0.326331
0 0.806183 0.395350 0.034656 0.085683
0 0.199661 0.169292 0.020391 0.041928
0 0.514642 0.203933 0.032624 0.056502
0 0.894356 0.444573 0.035677 0.162253
