1 0.265510 0.213780 0.017338 0.175000
1 0.233402 0.206493 0.020391 0.120324
1 0.294055 0.248422 0.017328 0.185956
1 0.322595 0.279411 0.027519 0.218754
1 0.354194 0.263916 0.025487 0.173191
1 0.384265 0.291263 0.026508 0.242457
1 0.419943 0.301280 0.038740 0.233345
1 0.468364 0.346860 0.043826 0.273447
1 0.521369 0.397910 0.072376 0.328140
1 0.608015 0.473558 0.056069 0.337253
1 0.668669 0.466271 0.057090 0.297150
1 0.719642 0.520964 0.053006 0.315375
1 0.773158 0.714198 0.068302 0.439352
1 0.851140 0.588413 0.067281 0.381024
1 0.927591 0.678652 0.093788 0.430239
3 0.233402 0.198285 0.018349 0.136741
3 0.263984 0.219249 0.018349 0.171365
3 0.293034 0.244770 0.015286 0.182304
4 0.214036 0.598439 0.061164 0.145853
1 0.207915 0.252065 0.032624 0.167713
1 0.180396 0.231092 0.016307 0.140375
1 0.120253 0.261177 0.020391 0.131263
2 0.069790 0.261177 0.029561 0.134915
2 0.145735 0.286698 0.044847 0.156775
2 0.109041 0.741553 0.065239 0.333618
3 0.306794 0.251152 0.016317 0.202372
3 0.325654 0.256621 0.029571 0.235188
3 0.357252 0.264821 0.029561 0.200529
3 0.930138 0.673183 0.090716 0.437526
2 0.207920 0.615759 0.083588 0.154966
2 0.277233 0.723319 0.154943 0.293498
0 0.886202 0.469189 0.039752 0.116672
0 0.799046 0.392619 0.050973 0.131246
0 0.440229 0.207585 0.034656 0.089334
3 0.378149 0.284872 0.036698 0.244283
3 0.776217 0.708737 0.082567 0.457577
4 0.278249 0.718754 0.138635 0.277099
4 0.101904 0.733345 0.063197 0.269795
4 0.415868 0.287611 0.067271 0.271638
4 0.466837 0.337747 0.055048 0.277099
4 0.518826 0.383319 0.073397 0.357321
4 0.605978 0.469915 0.062185 0.359147
4 0.671727 0.458072 0.061164 0.302628
4 0.723206 0.525520 0.058111 0.346365
4 0.848593 0.587509 0.060143 0.386485
3 0.144208 0.280324 0.039752 0.158601
3 0.120759 0.252056 0.023445 0.116672
3 0.181923 0.222892 0.023445 0.153123
3 0.207405 0.237483 0.031603 0.156775
