4 0.253989 0.582218 0.085630 0.158601
4 0.293745 0.699804 0.150868 0.273464
4 0.067958 0.726237 0.125382 0.220597
4 0.155115 0.244949 0.026508 0.184130
4 0.497619 0.363447 0.042815 0.304437
4 0.574580 0.412671 0.041794 0.326331
4 0.645940 0.440017 0.035677 0.315392
3 0.341656 0.280503 0.026498 0.204181
3 0.187734 0.213055 0.018349 0.123959
3 0.247362 0.213055 0.023445 0.175017
1 0.342171 0.273208 0.013254 0.164061
1 0.321780 0.242218 0.023445 0.171365
1 0.296803 0.247696 0.012233 0.149488
1 0.275401 0.240392 0.012233 0.153140
1 0.244308 0.213959 0.011212 0.158601
1 0.216784 0.205759 0.019370 0.182304
1 0.186713 0.223072 0.018349 0.118498
2 0.027691 0.279590 0.034656 0.151297
2 0.035849 0.262270 0.034656 0.134915
2 0.060310 0.273208 0.020391 0.131263
3 0.278459 0.238575 0.020391 0.178652
3 0.295782 0.257713 0.024466 0.165904
3 0.314647 0.237662 0.031603 0.202355
3 0.221885 0.209403 0.035677 0.164061
4 0.924738 0.656962 0.079513 0.395597
4 0.834523 0.670631 0.064218 0.360956
4 0.775401 0.568541 0.064218 0.371894
4 0.712199 0.496527 0.045868 0.322679
2 0.107204 0.234923 0.020382 0.113020
2 0.118416 0.228549 0.018340 0.122150
2 0.300883 0.688865 0.144742 0.266160
2 0.246856 0.567628 0.079513 0.165904
2 0.068464 0.719846 0.132519 0.236997
3 0.453278 0.331553 0.039761 0.277099
2 0.087834 0.243131 0.022424 0.158618
3 0.420148 0.297816 0.026498 0.286212
3 0.394661 0.275947 0.028540 0.257048
3 0.367653 0.306032 0.027519 0.226058
0 0.908631 0.445486 0.035677 0.120324
0 0.203736 0.174761 0.018349 0.056519
0 0.517190 0.205759 0.025487 0.067457
0 0.799046 0.378951 0.038740 0.089334
1 0.369690 0.312406 0.031594 0.227884
1 0.389566 0.268652 0.032624 0.246109
1 0.417090 0.308763 0.024466 0.253396
1 0.453278 0.317875 0.037719 0.260700
1 0.495582 0.343396 0.050973 0.289863
1 0.574580 0.404471 0.043836 0.328157
1 0.639313 0.433635 0.048931 0.320853
1 0.712705 0.493797 0.055048 0.309915
1 0.776417 0.539369 0.060143 0.346382
1 0.841660 0.682483 0.066260 0.315375
1 0.849303 0.467363 0.022424 0.107560
1 0.929833 0.659693 0.073387 0.371911
