0 0.922901 0.488328 0.049943 0.195051
0 0.459089 0.203933 0.035677 0.111212
1 0.143187 0.246587 0.031603 0.171365
0 0.804652 0.411766 0.045868 0.147662
3 0.273669 0.229275 0.025487 0.173191
1 0.253278 0.207398 0.019361 0.184113
1 0.282839 0.240213 0.025487 0.202372
1 0.303736 0.249326 0.030582 0.198720
1 0.339413 0.255708 0.026498 0.211485
1 0.368464 0.299462 0.031603 0.215102
1 0.396498 0.293089 0.026508 0.267986
1 0.425553 0.302201 0.031603 0.249761
1 0.464284 0.324078 0.041794 0.271638
1 0.526980 0.340478 0.055048 0.202355
1 0.573869 0.432543 0.044857 0.328157
1 0.658989 0.457159 0.054027 0.326331
1 0.709952 0.494522 0.066260 0.320853
1 0.764494 0.550128 0.061164 0.322679
1 0.814948 0.658601 0.084609 0.371911
1 0.842982 0.462628 0.048922 0.092969
1 0.905673 0.606647 0.051994 0.315375
1 0.945429 0.546476 0.058111 0.151314
1 0.928101 0.766152 0.127424 0.353669
2 0.271116 0.719667 0.093779 0.282577
2 0.082533 0.705998 0.057090 0.222406
2 0.022390 0.260273 0.018349 0.140375
2 0.036155 0.264821 0.015286 0.080222
2 0.047366 0.286698 0.017328 0.120324
2 0.065205 0.228370 0.004074 0.094795
2 0.079475 0.244770 0.010191 0.109369
2 0.091708 0.217423 0.012233 0.102082
3 0.146756 0.229275 0.014275 0.129437
3 0.173259 0.222892 0.008158 0.160427
3 0.222190 0.211954 0.018349 0.164078
3 0.252772 0.218336 0.018349 0.133089
3 0.309342 0.248422 0.031603 0.156775
4 0.249203 0.535546 0.143731 0.271638
4 0.276212 0.704172 0.093779 0.269812
2 0.240539 0.524608 0.124361 0.246109
3 0.511178 0.586587 0.109074 0.443003
3 0.901594 0.567449 0.043836 0.266160
3 0.921474 0.761604 0.106021 0.391945
3 0.476011 0.342304 0.038740 0.246109
3 0.429117 0.316783 0.028540 0.231519
3 0.404656 0.292167 0.022424 0.240648
3 0.365921 0.283055 0.020391 0.226041
3 0.331260 0.249326 0.036698 0.198720
1 0.178359 0.224718 0.024466 0.160427
1 0.224227 0.203754 0.022424 0.180478
4 0.084571 0.710555 0.050973 0.242474
4 0.581512 0.444394 0.047910 0.348208
4 0.658478 0.464445 0.040773 0.326331
4 0.721675 0.510930 0.042815 0.313567
4 0.118211 0.254804 0.022433 0.125785
4 0.764490 0.563805 0.042815 0.342730
4 0.819537 0.684121 0.065239 0.360973
2 0.504552 0.594795 0.099905 0.452116
