4 0.274685 0.721493 0.107042 0.257048
4 0.215052 0.504548 0.093788 0.278925
4 0.106489 0.765247 0.070344 0.202372
4 0.119227 0.264821 0.024466 0.120324
4 0.458678 0.345034 0.053006 0.262526
4 0.523917 0.375119 0.030582 0.293515
4 0.557047 0.416143 0.060143 0.320853
4 0.617700 0.455333 0.048931 0.304454
4 0.676823 0.481766 0.059122 0.328140
4 0.807304 0.670452 0.055048 0.391962
4 0.950014 0.586587 0.067281 0.198703
2 0.278254 0.724232 0.103969 0.236997
2 0.211994 0.495435 0.099905 0.278925
3 0.247161 0.215606 0.021403 0.138549
0 0.799051 0.412671 0.053006 0.153123
0 0.922390 0.480119 0.044857 0.167713
0 0.479475 0.203020 0.039752 0.109386
0 0.425959 0.202116 0.038731 0.092969
3 0.354704 0.257526 0.022424 0.193242
3 0.299151 0.234744 0.013244 0.176826
3 0.284365 0.221067 0.028540 0.182304
3 0.266531 0.218336 0.025487 0.154966
3 0.179375 0.227449 0.022433 0.144010
3 0.220148 0.200111 0.032624 0.147662
3 0.145224 0.246596 0.025487 0.164078
1 0.144208 0.250239 0.019370 0.167713
1 0.181923 0.221988 0.029571 0.133089
1 0.222190 0.205572 0.030582 0.154966
1 0.249952 0.226433 0.021393 0.156997
1 0.267037 0.227449 0.018349 0.129437
1 0.283354 0.229275 0.018349 0.176843
1 0.299661 0.246596 0.020391 0.167730
1 0.326164 0.261177 0.020382 0.185939
1 0.350630 0.261177 0.026508 0.185939
1 0.384270 0.301288 0.030582 0.247935
1 0.418416 0.312227 0.027519 0.244283
1 0.462758 0.331365 0.040782 0.231536
1 0.521880 0.378763 0.034656 0.216945
1 0.559089 0.425247 0.056059 0.288038
1 0.621269 0.457159 0.041794 0.337253
1 0.664594 0.468089 0.057090 0.308089
1 0.744103 0.602995 0.075439 0.366433
1 0.766016 0.396997 0.047910 0.089317
1 0.815969 0.642193 0.062185 0.331792
1 0.852156 0.464445 0.050973 0.151314
1 0.899556 0.591143 0.049952 0.258874
1 0.952056 0.592969 0.067281 0.215119
1 0.933707 0.786212 0.075429 0.320853
2 0.108020 0.777099 0.063197 0.236997
2 0.089671 0.221980 0.008158 0.114846
2 0.081512 0.273029 0.018349 0.125785
2 0.068774 0.234744 0.011212 0.089317
2 0.045329 0.272116 0.013254 0.127611
2 0.051956 0.264829 0.024466 0.123959
2 0.035644 0.252978 0.014265 0.111212
2 0.024427 0.261177 0.026508 0.120307
3 0.739008 0.602995 0.091737 0.366433
3 0.932176 0.784386 0.080534 0.302628
3 0.902615 0.592969 0.051985 0.280751
3 0.416889 0.304932 0.036698 0.255222
3 0.390386 0.304932 0.053006 0.266177
