1 0.498946 0.358712 0.049952 0.300802
4 0.085081 0.741553 0.068292 0.289863
4 0.731875 0.535546 0.089704 0.333618
4 0.849609 0.592056 0.102958 0.442986
1 0.451035 0.335922 0.060143 0.291672
1 0.384270 0.288524 0.053006 0.240631
1 0.356236 0.271212 0.033635 0.224232
1 0.321574 0.255708 0.049943 0.229710
1 0.296093 0.232918 0.039761 0.198703
1 0.270095 0.241126 0.046889 0.167713
1 0.232381 0.204667 0.044857 0.156775
1 0.210973 0.214684 0.034656 0.151314
1 0.180902 0.226544 0.033635 0.120324
1 0.150324 0.246596 0.041794 0.178652
2 0.257867 0.737901 0.140677 0.315392
2 0.230849 0.648575 0.102958 0.209642
2 0.099351 0.737910 0.090725 0.257048
2 0.223717 0.349599 0.041803 0.275273
2 0.249198 0.377850 0.064218 0.280751
2 0.295582 0.375119 0.069313 0.246109
3 0.927591 0.683208 0.116212 0.464881
2 0.090177 0.269386 0.045868 0.176826
3 0.792013 0.700529 0.081546 0.477645
3 0.560620 0.396084 0.061164 0.331792
3 0.303740 0.382415 0.048931 0.253396
4 0.500988 0.371468 0.060143 0.315392
4 0.451035 0.342304 0.056059 0.304437
4 0.351140 0.273942 0.037719 0.189590
4 0.321574 0.263908 0.029561 0.206007
4 0.290992 0.225623 0.027519 0.169539
4 0.269590 0.216519 0.017328 0.144027
4 0.062557 0.269565 0.017328 0.136741
4 0.087529 0.266834 0.040782 0.164078
4 0.048282 0.262278 0.025477 0.125785
4 0.020759 0.290529 0.025487 0.138567
2 0.019738 0.297824 0.025487 0.138549
2 0.061994 0.265922 0.014370 0.158601
2 0.047724 0.267739 0.022529 0.129437
4 0.687529 0.476297 0.078492 0.350034
4 0.635033 0.456246 0.077471 0.350034
4 0.766021 0.611203 0.078492 0.371894
4 0.264494 0.733345 0.076450 0.368259
3 0.233397 0.192816 0.034656 0.133072
3 0.209952 0.207406 0.024466 0.118498
3 0.182939 0.231101 0.017328 0.122133
3 0.248182 0.379676 0.062185 0.269795
3 0.226264 0.351416 0.042815 0.271638
3 0.150320 0.246596 0.037719 0.175000
3 0.387323 0.289437 0.053006 0.242457
0 0.427080 0.182790 0.026508 0.069266
0 0.904656 0.458063 0.054027 0.178652
0 0.811894 0.400640 0.033635 0.107560
1 0.928101 0.669539 0.133531 0.448464
1 0.853173 0.597526 0.077471 0.424778
1 0.786918 0.462619 0.044847 0.209642
1 0.756846 0.613933 0.080525 0.370085
1 0.773664 0.669531 0.108053 0.459403
1 0.737991 0.520956 0.089704 0.395597
1 0.685491 0.482679 0.070334 0.399249
1 0.623817 0.439838 0.063206 0.375546
1 0.561636 0.397910 0.065239 0.331792
4 0.218621 0.627611 0.060143 0.215119
