4 0.724227 0.520051 0.041794 0.284403
4 0.270611 0.734258 0.088683 0.264352
4 0.223717 0.608464 0.082567 0.162253
4 0.092729 0.708737 0.075439 0.246109
4 0.061636 0.250247 0.019361 0.116672
4 0.024938 0.285785 0.003063 0.114846
4 0.417395 0.305845 0.045878 0.220597
4 0.470406 0.333191 0.062185 0.304437
4 0.514237 0.382406 0.056069 0.315392
4 0.609036 0.469915 0.066260 0.366416
4 0.666632 0.438012 0.046889 0.317218
4 0.753788 0.509113 0.027519 0.083857
4 0.838397 0.579292 0.054027 0.428413
3 0.756336 0.684121 0.079504 0.426604
3 0.931670 0.678652 0.095821 0.426587
3 0.375095 0.279403 0.034656 0.236997
3 0.352667 0.257534 0.020391 0.251587
3 0.320553 0.262090 0.029561 0.238823
3 0.302715 0.249326 0.018349 0.191416
3 0.286407 0.244770 0.032624 0.175000
3 0.242066 0.199189 0.021403 0.142201
3 0.213010 0.212867 0.028540 0.122150
3 0.178354 0.186433 0.018349 0.094812
3 0.177848 0.260273 0.037719 0.140375
3 0.134012 0.261177 0.039761 0.142184
3 0.100883 0.245683 0.022433 0.158601
2 0.248693 0.685034 0.059122 0.176826
2 0.221679 0.602995 0.062176 0.144010
2 0.094256 0.728780 0.066260 0.235171
2 0.065716 0.252065 0.027519 0.102082
2 0.047872 0.258439 0.022424 0.107560
2 0.039723 0.258439 0.022424 0.107560
2 0.019843 0.279411 0.019361 0.123976
2 0.180396 0.266647 0.042815 0.160427
2 0.133502 0.266647 0.020382 0.156775
1 0.751240 0.670444 0.091737 0.439352
1 0.839413 0.595708 0.062185 0.432065
1 0.758373 0.481766 0.030582 0.109369
1 0.730344 0.531903 0.031603 0.362782
1 0.803740 0.445299 0.054027 0.116672
1 0.926570 0.633993 0.050964 0.399249
1 0.678359 0.465358 0.041794 0.298976
1 0.613621 0.483592 0.065239 0.350017
1 0.520353 0.385145 0.049943 0.288038
1 0.486202 0.333191 0.024466 0.271638
1 0.423511 0.316783 0.021412 0.235171
1 0.379170 0.286698 0.042805 0.222406
1 0.350630 0.260273 0.022424 0.224232
1 0.320048 0.250239 0.034656 0.215119
1 0.299151 0.244770 0.027519 0.182304
1 0.283349 0.245683 0.016317 0.165904
1 0.241045 0.223805 0.027529 0.180478
1 0.204857 0.223805 0.026508 0.144027
1 0.107510 0.238387 0.027519 0.129437
0 0.452972 0.204846 0.025487 0.072935
0 0.803125 0.409932 0.036689 0.136724
0 0.888244 0.465538 0.027519 0.113020
