3 0.024194 0.279838 0.032471 0.148242
4 0.507099 0.322551 0.054389 0.254249
4 0.462266 0.320128 0.054361 0.314829
4 0.423106 0.308584 0.039914 0.301229
4 0.388707 0.292935 0.041059 0.293072
4 0.360577 0.279684 0.040296 0.282884
4 0.329785 0.254872 0.029647 0.253635
4 0.189661 0.468174 0.085391 0.334812
4 0.248473 0.221886 0.032996 0.197389
4 0.211369 0.215282 0.034342 0.180392
4 0.188020 0.234898 0.036689 0.154369
4 0.165320 0.238882 0.036174 0.152065
4 0.124270 0.245282 0.029571 0.165717
3 0.310205 0.257594 0.027242 0.226655
3 0.281851 0.241169 0.024389 0.217594
3 0.969132 0.523029 0.061737 0.136638
3 0.905005 0.756212 0.146345 0.359625
3 0.100487 0.248677 0.021641 0.156741
3 0.082400 0.243942 0.021384 0.153003
3 0.047810 0.236621 0.025315 0.127986
3 0.056665 0.293746 0.025601 0.184625
1 0.968788 0.525836 0.062424 0.136553
1 0.906312 0.781382 0.140964 0.386451
1 0.889671 0.605734 0.097242 0.387611
1 0.827343 0.556126 0.091365 0.435461
1 0.586193 0.395068 0.076469 0.370102
1 0.499051 0.313422 0.056193 0.253259
1 0.457643 0.329701 0.046336 0.302406
1 0.421422 0.324454 0.033931 0.305904
1 0.392376 0.305196 0.037195 0.307082
1 0.361708 0.282432 0.026756 0.284898
1 0.332338 0.251510 0.035897 0.248720
1 0.309823 0.250922 0.024800 0.221877
1 0.279475 0.242747 0.035897 0.198532
1 0.246846 0.216493 0.029361 0.185683
1 0.212223 0.216493 0.025515 0.188038
1 0.190687 0.230495 0.038569 0.153003
1 0.167223 0.246254 0.043721 0.179846
4 0.916551 0.530555 0.066345 0.317184
4 0.823278 0.561681 0.126784 0.445239
4 0.618955 0.752944 0.178082 0.494113
4 0.493526 0.691493 0.130716 0.545068
4 0.593597 0.406468 0.076031 0.369215
2 0.127366 0.248311 0.024714 0.161809
2 0.021121 0.254770 0.025849 0.104010
2 0.048678 0.253754 0.020906 0.133242
2 0.062362 0.288763 0.032319 0.182884
2 0.080038 0.243558 0.024332 0.146843
2 0.103225 0.248311 0.028893 0.152287
2 0.644781 0.748311 0.117443 0.503379
2 0.502109 0.691869 0.150553 0.520188
2 0.193111 0.459599 0.103454 0.342645
2 0.033664 0.282304 0.031927 0.156348
0 0.485515 0.192108 0.024962 0.086945
0 0.435921 0.186817 0.021670 0.069300
0 0.835630 0.340128 0.040725 0.108072
0 0.795883 0.394744 0.049265 0.123345
