4 0.358502 0.273916 0.031469 0.279096
4 0.337290 0.249036 0.031011 0.235853
4 0.232829 0.209471 0.031021 0.169761
4 0.113545 0.215580 0.017796 0.102048
4 0.492615 0.345708 0.057939 0.319881
4 0.166689 0.245358 0.031927 0.164881
3 0.596064 0.438567 0.072834 0.233447
4 0.939876 0.573720 0.098531 0.227679
4 0.760382 0.659787 0.137309 0.479778
4 0.564461 0.306988 0.058387 0.172133
4 0.123120 0.255154 0.018702 0.155085
4 0.440382 0.319189 0.052004 0.289676
4 0.393397 0.289821 0.043798 0.258686
4 0.371274 0.289002 0.034208 0.268481
3 0.056088 0.260819 0.023149 0.152150
3 0.073936 0.246331 0.021689 0.134881
3 0.267109 0.235128 0.025439 0.197969
3 0.016956 0.264036 0.025859 0.104556
4 0.543488 0.651741 0.128349 0.551570
3 0.310773 0.252253 0.025706 0.234096
3 0.901069 0.790341 0.151737 0.387201
3 0.289924 0.243575 0.025439 0.218618
3 0.094790 0.237048 0.022233 0.129352
3 0.026861 0.278268 0.024408 0.151792
3 0.039795 0.277287 0.019666 0.160922
1 0.951975 0.528720 0.074771 0.157235
2 0.114432 0.229855 0.012529 0.162474
2 0.014580 0.251561 0.014885 0.096638
2 0.028674 0.277466 0.014885 0.173669
2 0.041594 0.257167 0.023492 0.147065
2 0.052953 0.254369 0.024284 0.161058
2 0.094065 0.248763 0.023492 0.166672
2 0.071746 0.249462 0.025840 0.162474
0 0.799499 0.395930 0.045983 0.099846
2 0.537323 0.608703 0.092414 0.539215
2 0.125782 0.245256 0.024275 0.159659
0 0.846116 0.357747 0.055210 0.173857
0 0.470735 0.185060 0.030878 0.093976
1 0.173593 0.241399 0.019036 0.180751
1 0.230019 0.209386 0.026737 0.171843
1 0.255401 0.230862 0.015859 0.185614
1 0.265592 0.232483 0.019943 0.221280
1 0.291656 0.245043 0.027643 0.217218
1 0.311140 0.243020 0.024017 0.245597
1 0.335391 0.248695 0.025382 0.222884
1 0.356689 0.260444 0.037156 0.251263
1 0.370969 0.288003 0.031269 0.256109
1 0.397929 0.287193 0.029905 0.286911
1 0.435320 0.307048 0.051212 0.286109
1 0.491517 0.346766 0.064809 0.303942
1 0.562896 0.302594 0.056193 0.128055
1 0.763664 0.659224 0.147748 0.473362
1 0.903254 0.767833 0.154084 0.376075
