3 0.942304 0.541826 0.096555 0.226724
3 0.078192 0.649906 0.144513 0.346536
4 0.119346 0.225674 0.030792 0.129846
4 0.153025 0.229206 0.031164 0.158413
4 0.177161 0.195896 0.020906 0.101280
4 0.195033 0.216971 0.025468 0.158413
4 0.237032 0.221049 0.024332 0.178788
4 0.180377 0.325068 0.067700 0.267167
4 0.144642 0.380469 0.069227 0.301860
4 0.266684 0.237363 0.031937 0.196468
4 0.343664 0.271357 0.033073 0.278038
4 0.376546 0.276459 0.028893 0.270563
4 0.389470 0.303311 0.045620 0.305256
4 0.424633 0.324386 0.048273 0.305256
4 0.471198 0.333558 0.049418 0.341280
3 0.017166 0.242730 0.019771 0.099932
3 0.025148 0.282850 0.020525 0.158396
3 0.047953 0.269923 0.022052 0.163840
3 0.056322 0.286587 0.030410 0.201229
1 0.197758 0.211920 0.034485 0.153703
1 0.238268 0.210896 0.026823 0.189027
1 0.263993 0.239283 0.038865 0.202730
1 0.285892 0.247116 0.023540 0.208601
1 0.303678 0.251536 0.028464 0.217406
2 0.032696 0.281314 0.016765 0.149625
2 0.014809 0.242321 0.017099 0.100614
2 0.177743 0.191706 0.020487 0.101502
2 0.150902 0.209258 0.026880 0.117150
2 0.185196 0.335427 0.060773 0.234164
2 0.148931 0.385469 0.071813 0.258106
2 0.062657 0.454616 0.097739 0.193123
2 0.078779 0.615981 0.111221 0.307389
2 0.256135 0.695597 0.175859 0.444198
2 0.594294 0.517278 0.100191 0.476604
3 0.075821 0.249471 0.034218 0.132560
3 0.095286 0.223703 0.028511 0.127133
3 0.325821 0.256945 0.032309 0.228874
3 0.296613 0.250341 0.029771 0.221570
3 0.914389 0.776775 0.139256 0.419386
1 0.839852 0.582892 0.102357 0.470973
0 0.844819 0.347765 0.048607 0.106894
0 0.796541 0.409437 0.047948 0.117474
1 0.530577 0.357739 0.081555 0.326092
1 0.465711 0.337671 0.055830 0.319232
1 0.422743 0.315154 0.050906 0.278123
1 0.394003 0.293618 0.037223 0.293788
1 0.370191 0.279906 0.032290 0.258549
1 0.345010 0.262295 0.030115 0.260495
1 0.325029 0.263268 0.030649 0.233089
1 0.893769 0.783626 0.155458 0.390597
1 0.933459 0.509522 0.092510 0.163481
4 0.252490 0.692491 0.204351 0.421843
4 0.070210 0.530375 0.119618 0.316109
2 0.057591 0.263985 0.030067 0.153020
2 0.077548 0.260239 0.028931 0.123788
2 0.094084 0.243242 0.037672 0.134676
2 0.120887 0.232022 0.028168 0.155751
4 0.832214 0.575597 0.107729 0.474710
4 0.600305 0.515162 0.102538 0.466365
4 0.526765 0.364735 0.070935 0.318481
