4 0.269370 0.235734 0.027366 0.193413
4 0.258650 0.497244 0.111765 0.357321
4 0.093678 0.732329 0.097815 0.279130
0 0.487815 0.206792 0.021679 0.104539
4 0.342405 0.627304 0.106412 0.429966
4 0.352261 0.267133 0.044141 0.287577
4 0.396794 0.294616 0.046508 0.291792
4 0.421980 0.308712 0.045010 0.342543
1 0.912080 0.762585 0.155515 0.377867
1 0.944404 0.560384 0.072261 0.247765
1 0.850530 0.584855 0.107834 0.476843
1 0.668793 0.467381 0.100181 0.416160
1 0.523731 0.361655 0.076088 0.351536
1 0.462972 0.335708 0.058578 0.303567
1 0.429036 0.302918 0.045439 0.312389
1 0.391536 0.294590 0.053645 0.278123
1 0.357872 0.272082 0.027920 0.278123
1 0.325577 0.270119 0.027910 0.238976
1 0.304776 0.251519 0.020258 0.236997
1 0.281784 0.229983 0.027920 0.188055
1 0.257152 0.218234 0.026823 0.184147
1 0.238540 0.209428 0.027920 0.180222
1 0.199948 0.224608 0.025181 0.171399
4 0.849647 0.575853 0.124542 0.476485
4 0.682500 0.470828 0.093092 0.427150
4 0.529575 0.355230 0.066288 0.351007
4 0.462576 0.341135 0.047366 0.322816
0 0.799170 0.402381 0.051889 0.126877
0 0.845806 0.350700 0.046632 0.143311
3 0.324742 0.254991 0.034523 0.235717
4 0.127347 0.239189 0.039198 0.182713
4 0.158521 0.237363 0.028282 0.190154
4 0.183607 0.227577 0.032844 0.199966
4 0.200487 0.214121 0.029198 0.159983
4 0.239031 0.220640 0.025086 0.184454
2 0.073616 0.254300 0.029160 0.131092
2 0.158745 0.233080 0.027586 0.179164
3 0.300983 0.246775 0.027557 0.229488
3 0.945773 0.556416 0.095802 0.193823
2 0.089380 0.238089 0.022863 0.124061
2 0.108693 0.246476 0.025229 0.177765
2 0.132343 0.245768 0.022071 0.184812
3 0.913473 0.785444 0.150534 0.405392
3 0.085816 0.519172 0.087032 0.344693
3 0.021966 0.204770 0.010458 0.041928
3 0.092767 0.248362 0.027252 0.143959
3 0.070119 0.255759 0.026288 0.156365
3 0.050954 0.256578 0.025973 0.144522
3 0.036541 0.284625 0.031994 0.166621
3 0.015635 0.268780 0.016155 0.123498
2 0.359752 0.670794 0.137939 0.499164
2 0.264370 0.484078 0.093798 0.303072
2 0.087018 0.522142 0.079609 0.288993
2 0.010162 0.254300 0.012615 0.119829
2 0.031446 0.276852 0.028368 0.159300
2 0.086622 0.713857 0.096164 0.272082
2 0.048397 0.247253 0.026011 0.102901
