2 0.024785 0.267372 0.017739 0.133140
0 0.475005 0.189761 0.027586 0.098669
0 0.814933 0.402389 0.030878 0.119829
1 0.178125 0.243831 0.035353 0.167765
1 0.235229 0.210998 0.027195 0.175068
1 0.265821 0.248695 0.029466 0.216399
1 0.294599 0.245043 0.026279 0.210734
1 0.316350 0.244642 0.020849 0.229386
1 0.336069 0.262073 0.031279 0.249642
1 0.353740 0.268549 0.030363 0.256109
1 0.378216 0.292056 0.046679 0.278823
1 0.416966 0.310299 0.035344 0.297457
1 0.443249 0.326101 0.044418 0.299881
1 0.491064 0.347167 0.082032 0.314471
1 0.787009 0.556681 0.103788 0.444966
1 0.603683 0.576143 0.115115 0.498464
1 0.900305 0.771886 0.145477 0.384181
1 0.942228 0.518191 0.112395 0.115085
2 0.040148 0.276715 0.022490 0.147287
2 0.055038 0.258592 0.024389 0.146160
2 0.078163 0.255759 0.026288 0.146160
2 0.099704 0.240171 0.026927 0.146724
2 0.678249 0.732577 0.158273 0.534846
2 0.126961 0.238959 0.032891 0.130239
2 0.141446 0.223549 0.027414 0.124642
0 0.859275 0.378899 0.047290 0.169164
2 0.014017 0.251229 0.021546 0.090648
4 0.234480 0.220316 0.031326 0.175683
4 0.451961 0.322201 0.040868 0.308191
4 0.416164 0.306058 0.043397 0.283823
4 0.377199 0.292747 0.034532 0.276451
4 0.356455 0.272355 0.031040 0.256075
4 0.335864 0.255077 0.023445 0.240768
4 0.314528 0.250435 0.027395 0.233294
4 0.500744 0.346280 0.064943 0.312150
4 0.179342 0.235614 0.045305 0.165495
4 0.126298 0.252892 0.029179 0.162645
4 0.111570 0.223183 0.013655 0.121246
4 0.097152 0.247790 0.017071 0.167184
4 0.942543 0.555538 0.090868 0.202645
3 0.905324 0.782602 0.152176 0.396570
4 0.662552 0.734889 0.152719 0.530222
4 0.626698 0.330375 0.072252 0.153686
4 0.599327 0.588771 0.103998 0.510137
3 0.263831 0.241672 0.027796 0.193242
3 0.287958 0.246596 0.025172 0.203089
3 0.781493 0.567807 0.083769 0.456570
3 0.012705 0.268874 0.015468 0.121024
3 0.024241 0.272389 0.012853 0.149625
3 0.038931 0.299829 0.013893 0.177304
3 0.056899 0.264181 0.024656 0.162287
3 0.076570 0.249642 0.024132 0.131331
