3 0.084160 0.243865 0.022443 0.136911
3 0.189303 0.287986 0.037099 0.219249
3 0.298927 0.222278 0.029456 0.171655
3 0.322352 0.248336 0.030124 0.236229
3 0.899146 0.793720 0.159227 0.410375
3 0.957061 0.528763 0.085878 0.179027
3 0.810601 0.561800 0.097214 0.453464
3 0.068321 0.270427 0.023321 0.133379
3 0.051384 0.270427 0.024198 0.153823
3 0.028831 0.276323 0.023540 0.131007
3 0.012338 0.226758 0.012099 0.077509
4 0.106484 0.250145 0.026288 0.152406
4 0.130086 0.247875 0.025344 0.199983
4 0.151469 0.243626 0.027557 0.190358
4 0.170949 0.200853 0.020277 0.122935
4 0.197715 0.188677 0.028197 0.088379
4 0.233669 0.223234 0.026613 0.184693
4 0.094633 0.627235 0.102681 0.360648
4 0.288960 0.536681 0.106336 0.463464
4 0.421703 0.675776 0.122758 0.496911
4 0.419461 0.318131 0.047834 0.284966
4 0.456522 0.329181 0.048464 0.320648
4 0.508473 0.349283 0.059866 0.333686
4 0.644103 0.449394 0.099447 0.404727
4 0.251570 0.236263 0.029456 0.189215
4 0.348822 0.270546 0.028826 0.241911
4 0.374165 0.284138 0.028826 0.260051
4 0.392696 0.289241 0.039914 0.280427
4 0.870792 0.621971 0.136889 0.421758
0 0.799828 0.410614 0.050573 0.131570
0 0.833655 0.323677 0.043359 0.086945
0 0.489456 0.204445 0.031527 0.090461
2 0.294876 0.505828 0.099885 0.418174
1 0.152214 0.238669 0.022844 0.185700
1 0.169838 0.179198 0.016317 0.064198
1 0.193655 0.179206 0.019580 0.061860
1 0.232486 0.222329 0.024151 0.171689
1 0.251737 0.232244 0.023492 0.207867
1 0.288612 0.234582 0.024151 0.196195
1 0.299346 0.253840 0.030086 0.211365
1 0.320558 0.257338 0.030735 0.230034
1 0.346336 0.271928 0.032691 0.268567
1 0.375052 0.276596 0.027471 0.261553
1 0.393650 0.299352 0.030735 0.288396
1 0.427910 0.312841 0.044447 0.280119
1 0.460868 0.329121 0.041183 0.326911
1 0.510143 0.350128 0.069237 0.319915
1 0.643931 0.448746 0.080992 0.398106
1 0.812662 0.559625 0.106374 0.430785
1 0.867481 0.639002 0.128569 0.433123
1 0.967328 0.512995 0.046336 0.150563
1 0.904680 0.778464 0.148139 0.406280
2 0.408946 0.667218 0.112376 0.472969
2 0.104747 0.612406 0.114647 0.294334
2 0.186279 0.289744 0.046126 0.215461
2 0.131336 0.253072 0.028282 0.186007
2 0.105334 0.238379 0.031011 0.159898
2 0.083435 0.242466 0.029198 0.141962
2 0.069299 0.272235 0.031021 0.150922
2 0.046035 0.277543 0.026460 0.166416
2 0.030754 0.267346 0.027824 0.123191
2 0.015926 0.226561 0.025553 0.088925
