2 0.178449 0.371664 0.103101 0.289437
2 0.082443 0.605956 0.117290 0.368942
2 0.300615 0.539650 0.107929 0.465375
2 0.764995 0.667176 0.144380 0.467935
1 0.394012 0.292995 0.035239 0.294113
1 0.425339 0.312833 0.044380 0.273106
1 0.464132 0.334957 0.045095 0.338584
1 0.509499 0.351374 0.073349 0.317287
1 0.644981 0.450742 0.083760 0.396570
2 0.087300 0.243840 0.029008 0.139010
2 0.055277 0.272722 0.024084 0.165444
2 0.026813 0.277602 0.024084 0.128242
2 0.021059 0.248737 0.037767 0.101809
2 0.074160 0.270759 0.023531 0.149778
1 0.181260 0.222381 0.030019 0.150563
1 0.207686 0.219471 0.030677 0.177406
1 0.237710 0.203123 0.029370 0.142389
1 0.266422 0.221800 0.020229 0.161075
1 0.286980 0.239309 0.020887 0.179744
1 0.303621 0.239309 0.024151 0.198413
1 0.325816 0.250392 0.028063 0.229932
1 0.346369 0.260316 0.023502 0.259096
1 0.375735 0.281331 0.027405 0.284778
2 0.113573 0.240896 0.032300 0.156638
2 0.134647 0.233558 0.021889 0.139983
2 0.158731 0.227193 0.029561 0.142918
1 0.859289 0.536451 0.082109 0.379829
1 0.971226 0.525674 0.053101 0.137048
1 0.900611 0.776724 0.141775 0.404403
4 0.421727 0.316416 0.053378 0.300307
0 0.793917 0.384181 0.050582 0.085768
0 0.833984 0.328959 0.042700 0.081058
0 0.485515 0.198567 0.031527 0.095154
3 0.017834 0.214565 0.012538 0.042884
3 0.028946 0.275734 0.028597 0.149488
3 0.053144 0.266689 0.020677 0.160512
3 0.075687 0.265111 0.027500 0.151075
3 0.175949 0.381152 0.064323 0.288788
3 0.301589 0.236860 0.026288 0.207406
3 0.327405 0.254701 0.027252 0.247628
3 0.910792 0.768413 0.148893 0.414198
3 0.954523 0.526357 0.090954 0.152713
4 0.110167 0.245444 0.020525 0.179556
4 0.131837 0.238916 0.027376 0.181177
4 0.155329 0.220188 0.026002 0.143584
4 0.181536 0.208737 0.025592 0.120819
4 0.206627 0.223003 0.022853 0.188532
4 0.235615 0.205879 0.034208 0.151007
4 0.267543 0.213669 0.030563 0.159898
4 0.350563 0.268285 0.033302 0.266024
4 0.368130 0.269915 0.036489 0.262765
4 0.391846 0.296425 0.040143 0.276638
4 0.456169 0.332329 0.053826 0.333737
4 0.510906 0.346195 0.055649 0.340273
4 0.651861 0.459181 0.098531 0.401468
4 0.774795 0.674548 0.114494 0.478140
4 0.824036 0.461672 0.133702 0.233311
4 0.296489 0.521587 0.100401 0.407167
4 0.253406 0.371937 0.070706 0.239846
4 0.078898 0.610102 0.101307 0.383515
