0 0.484198 0.206212 0.026279 0.103379
0 0.842848 0.331903 0.045983 0.084590
0 0.796212 0.402381 0.051240 0.126877
2 0.109246 0.239829 0.032290 0.133140
2 0.088721 0.242270 0.035038 0.141945
2 0.072300 0.270666 0.031756 0.163481
2 0.054785 0.266741 0.028464 0.157611
2 0.033707 0.289258 0.032300 0.147833
2 0.017009 0.256954 0.025181 0.122372
2 0.569485 0.739787 0.137462 0.520427
2 0.365988 0.662423 0.135830 0.587850
2 0.137156 0.548422 0.112939 0.342304
2 0.122929 0.246672 0.031202 0.166416
1 0.905334 0.773217 0.139008 0.379437
1 0.890324 0.625572 0.106374 0.389949
1 0.821799 0.572466 0.103769 0.451792
1 0.620763 0.425990 0.081641 0.382935
1 0.513082 0.354795 0.064676 0.340922
1 0.458259 0.333208 0.046403 0.330410
1 0.421713 0.315111 0.041174 0.296570
1 0.388430 0.292944 0.042490 0.284898
1 0.377366 0.276596 0.026756 0.273225
1 0.346990 0.262594 0.033998 0.259215
1 0.318602 0.260845 0.035964 0.225375
1 0.291188 0.246834 0.039876 0.225375
1 0.278793 0.242756 0.029437 0.196195
1 0.239962 0.230503 0.037920 0.190358
1 0.205048 0.232253 0.032042 0.186860
1 0.184814 0.227577 0.026823 0.158840
1 0.166899 0.242227 0.027405 0.178584
1 0.146670 0.243396 0.026107 0.171570
1 0.967953 0.519420 0.056842 0.140068
3 0.007448 0.217739 0.005277 0.056263
3 0.049146 0.266331 0.016956 0.161297
3 0.065759 0.265939 0.017185 0.157372
3 0.083454 0.242534 0.020019 0.145171
3 0.292867 0.241323 0.027433 0.227560
3 0.316107 0.245572 0.039065 0.229437
3 0.904585 0.787517 0.155277 0.394863
3 0.957791 0.559224 0.077242 0.169164
4 0.104714 0.238217 0.022156 0.131689
4 0.123206 0.237389 0.027214 0.135529
4 0.145892 0.231954 0.021555 0.177560
4 0.170110 0.244633 0.023216 0.151655
4 0.188664 0.230555 0.028893 0.153020
4 0.205281 0.225427 0.029265 0.169283
4 0.241116 0.224881 0.031164 0.163618
4 0.117052 0.531058 0.110630 0.329898
4 0.566183 0.747662 0.188912 0.504676
4 0.898779 0.609983 0.109943 0.376894
4 0.375420 0.661263 0.140191 0.533515
4 0.819179 0.573234 0.104008 0.452031
4 0.624399 0.411706 0.076641 0.363925
4 0.511956 0.343174 0.070706 0.345973
4 0.278426 0.245870 0.023645 0.172150
4 0.456508 0.319522 0.044752 0.329659
4 0.425740 0.314215 0.035124 0.281536
4 0.393125 0.279949 0.042872 0.299488
4 0.375792 0.276689 0.029198 0.255427
4 0.345229 0.257517 0.037405 0.262782
3 0.015258 0.223848 0.006374 0.048788
3 0.030110 0.273814 0.019361 0.137696
