2 0.128364 0.238771 0.027719 0.161468
2 0.107376 0.242782 0.025344 0.134539
2 0.089690 0.239010 0.021651 0.121331
2 0.057481 0.259309 0.030095 0.147765
2 0.046264 0.269462 0.020334 0.145410
2 0.027390 0.250333 0.017948 0.099608
2 0.013531 0.246792 0.012939 0.075529
2 0.527591 0.714761 0.145658 0.567884
1 0.935205 0.541698 0.109227 0.142645
0 0.837266 0.366561 0.049265 0.158584
0 0.484532 0.192688 0.028244 0.088106
1 0.168612 0.238968 0.026288 0.175887
1 0.199881 0.227210 0.024475 0.175068
1 0.151384 0.236937 0.018130 0.181553
1 0.233645 0.218302 0.024924 0.191280
1 0.263330 0.243422 0.038969 0.204249
1 0.290749 0.252747 0.023120 0.229386
1 0.310916 0.253575 0.019027 0.248788
1 0.336975 0.272602 0.044866 0.277184
1 0.367343 0.276655 0.042147 0.283686
1 0.390682 0.303404 0.040792 0.265853
1 0.414475 0.309078 0.039427 0.303140
1 0.451183 0.339872 0.037615 0.348515
1 0.503755 0.361766 0.053025 0.329061
1 0.768879 0.591536 0.117376 0.443345
1 0.734890 0.508464 0.091097 0.355017
1 0.904838 0.779232 0.152729 0.377577
1 0.903254 0.509676 0.083397 0.206689
3 0.015468 0.280939 0.023931 0.162423
3 0.028793 0.281425 0.022300 0.161451
3 0.039127 0.263430 0.029914 0.146860
3 0.056803 0.247867 0.025019 0.129352
3 0.263736 0.239061 0.032090 0.209215
3 0.288755 0.248788 0.025563 0.226724
3 0.894055 0.673336 0.162615 0.396911
3 0.907648 0.783729 0.149552 0.378447
4 0.089003 0.253259 0.022968 0.151536
4 0.108540 0.265068 0.029828 0.188362
4 0.132032 0.243584 0.021908 0.164300
4 0.145491 0.244761 0.022968 0.177986
4 0.166479 0.235085 0.023760 0.177509
4 0.200138 0.225384 0.031422 0.176126
4 0.231417 0.217833 0.025868 0.167645
4 0.312409 0.252841 0.023655 0.244932
4 0.338015 0.263567 0.032939 0.248703
4 0.367319 0.274053 0.036431 0.273055
4 0.391870 0.286519 0.037385 0.270785
4 0.416260 0.306630 0.044351 0.291758
4 0.456966 0.322491 0.043397 0.314437
4 0.507495 0.353370 0.061460 0.328584
4 0.534346 0.708643 0.137147 0.563874
4 0.773974 0.578951 0.111937 0.451109
4 0.743626 0.492253 0.079618 0.390478
4 0.903640 0.474633 0.065429 0.183259
