4 0.180816 0.225247 0.036784 0.183055
2 0.067075 0.218131 0.015582 0.080222
2 0.053010 0.215410 0.019380 0.053038
2 0.032672 0.271493 0.032691 0.135273
2 0.010439 0.223908 0.013302 0.065939
2 0.022037 0.354770 0.044074 0.149573
2 0.071260 0.312619 0.038397 0.140051
2 0.089318 0.241920 0.030410 0.101962
2 0.107180 0.238857 0.026613 0.135290
2 0.133788 0.242253 0.028130 0.167918
2 0.157171 0.234104 0.025468 0.169266
2 0.082276 0.485529 0.088540 0.229386
2 0.093569 0.721920 0.100000 0.337184
2 0.324556 0.686399 0.153349 0.460990
2 0.410253 0.512833 0.131784 0.446792
4 0.274919 0.238558 0.030410 0.194932
4 0.344933 0.259940 0.032156 0.270666
4 0.372414 0.284155 0.036031 0.281451
4 0.401837 0.241323 0.045620 0.171314
4 0.444919 0.294761 0.047032 0.224334
4 0.513144 0.358387 0.062948 0.330392
4 0.588865 0.417944 0.107653 0.366297
4 0.408655 0.516647 0.115000 0.415239
4 0.317261 0.661459 0.154637 0.456843
3 0.079504 0.495427 0.091966 0.260785
3 0.090997 0.694548 0.104437 0.341860
3 0.011737 0.239522 0.016107 0.087338
3 0.024275 0.249676 0.015840 0.118020
3 0.034437 0.269036 0.020859 0.145410
3 0.049747 0.235981 0.019265 0.090631
3 0.058989 0.211672 0.008187 0.056177
3 0.067304 0.203643 0.015315 0.069403
3 0.088421 0.236451 0.023235 0.084983
3 0.299413 0.243242 0.025086 0.225768
3 0.326403 0.257867 0.031164 0.233242
3 0.840344 0.579087 0.126966 0.456911
3 0.957238 0.508720 0.072605 0.159829
3 0.912323 0.776399 0.157872 0.409522
4 0.106212 0.221280 0.027595 0.141126
4 0.135043 0.235154 0.032662 0.173413
4 0.154995 0.232048 0.029494 0.169454
4 0.199823 0.224966 0.027281 0.191536
4 0.242290 0.210802 0.022176 0.202867
4 0.253211 0.240256 0.022490 0.191536
0 0.847781 0.322509 0.049265 0.086928
1 0.237996 0.209923 0.024084 0.192952
1 0.185444 0.229497 0.030658 0.183157
1 0.209246 0.214326 0.031183 0.168481
0 0.483216 0.197389 0.028244 0.095154
1 0.261803 0.231945 0.031202 0.215461
0 0.793588 0.395930 0.051240 0.118652
1 0.907180 0.775265 0.132471 0.399505
1 0.950420 0.525657 0.073359 0.142884
1 0.838483 0.568217 0.097977 0.437696
1 0.591054 0.411067 0.094800 0.364215
1 0.511665 0.356271 0.065200 0.344693
1 0.442171 0.249608 0.039952 0.170341
1 0.407963 0.224164 0.031746 0.164471
1 0.380019 0.283874 0.031145 0.278020
1 0.349661 0.257901 0.038311 0.236075
1 0.324757 0.259838 0.024628 0.230154
1 0.303678 0.251032 0.028464 0.237969
1 0.284795 0.250546 0.020258 0.215461
