1 0.291880 0.245853 0.032634 0.212355
1 0.309103 0.245853 0.033531 0.225324
1 0.336069 0.253148 0.032176 0.256126
1 0.360997 0.272602 0.033082 0.285307
1 0.387281 0.293268 0.041240 0.258549
1 0.421274 0.302995 0.042147 0.287730
1 0.453449 0.332995 0.036708 0.310427
1 0.501942 0.349608 0.075677 0.320956
1 0.656713 0.469556 0.077948 0.379317
1 0.708373 0.566817 0.112395 0.468481
1 0.822810 0.632065 0.115563 0.446587
1 0.902123 0.781613 0.140945 0.387423
0 0.836937 0.350691 0.042042 0.138618
1 0.934074 0.507654 0.069790 0.171826
4 0.935344 0.535606 0.078168 0.266672
4 0.703402 0.569317 0.114952 0.464027
4 0.567753 0.727389 0.144513 0.545222
4 0.665592 0.470051 0.098588 0.415870
4 0.496665 0.349599 0.066899 0.332440
2 0.552309 0.713840 0.136202 0.572321
1 0.262424 0.239778 0.035344 0.218020
1 0.236365 0.212637 0.024924 0.181553
1 0.189003 0.228831 0.028101 0.194522
1 0.161608 0.236135 0.026784 0.188038
0 0.484857 0.190341 0.026279 0.095154
0 0.436574 0.187995 0.029561 0.066945
3 0.287667 0.241493 0.029914 0.214078
3 0.256937 0.248302 0.031546 0.217969
3 0.092156 0.236681 0.022844 0.136160
3 0.072848 0.233763 0.025563 0.153669
3 0.054628 0.274130 0.017405 0.185768
3 0.039127 0.282398 0.021212 0.188686
3 0.025530 0.273643 0.020124 0.171177
3 0.015740 0.268294 0.024475 0.113788
3 0.901126 0.758439 0.156088 0.364829
3 0.817099 0.615461 0.132691 0.454300
0 0.797529 0.401800 0.049924 0.128038
2 0.027796 0.272466 0.019332 0.138788
2 0.056302 0.262841 0.022490 0.147867
2 0.077056 0.253208 0.021536 0.129727
4 0.158511 0.240700 0.034103 0.158191
4 0.133545 0.255265 0.029914 0.177867
4 0.111770 0.229096 0.020239 0.149147
2 0.011007 0.253490 0.018063 0.091792
2 0.140410 0.254625 0.032309 0.172218
2 0.117443 0.218080 0.021221 0.113874
2 0.097805 0.249804 0.023760 0.131997
2 0.043473 0.272184 0.025344 0.141638
4 0.456756 0.326834 0.047137 0.312713
4 0.416455 0.307457 0.038769 0.302526
4 0.384528 0.296553 0.040296 0.268601
4 0.355635 0.273473 0.034208 0.264454
4 0.337009 0.261911 0.030410 0.242696
4 0.311923 0.244573 0.030410 0.246109
4 0.235291 0.207457 0.025735 0.186928
4 0.188430 0.226536 0.033216 0.173140
