1 0.228674 0.219121 0.024962 0.152713
1 0.427824 0.262116 0.034218 0.194437
2 0.128187 0.250964 0.033989 0.161280
2 0.114136 0.188959 0.025830 0.063208
2 0.093058 0.243268 0.029914 0.139403
2 0.071756 0.252176 0.029008 0.142645
2 0.054537 0.254608 0.028998 0.144266
2 0.041398 0.265555 0.026288 0.149949
2 0.028025 0.249753 0.022214 0.110222
2 0.015787 0.240836 0.014055 0.077816
2 0.402123 0.562159 0.141441 0.498549
1 0.908836 0.782423 0.153111 0.382969
1 0.470778 0.331800 0.055506 0.306604
1 0.520005 0.369189 0.067281 0.340597
0 0.854356 0.375358 0.059800 0.171536
1 0.762061 0.570904 0.106412 0.462969
1 0.948287 0.522730 0.071574 0.131672
0 0.809351 0.401800 0.049924 0.121007
1 0.171861 0.239684 0.036126 0.156229
1 0.248383 0.223234 0.026269 0.175034
1 0.274628 0.235265 0.029580 0.188311
1 0.297820 0.243072 0.026613 0.225700
1 0.319866 0.256331 0.028893 0.231809
1 0.347991 0.261766 0.025849 0.264454
1 0.369098 0.275708 0.037624 0.243396
1 0.393802 0.242056 0.035353 0.163840
4 0.354599 0.267295 0.052557 0.261962
4 0.323397 0.255503 0.038760 0.233703
4 0.298435 0.245555 0.026927 0.239642
4 0.761312 0.570862 0.098368 0.478720
3 0.040673 0.273746 0.026250 0.150563
3 0.055611 0.261092 0.024122 0.151502
3 0.072543 0.261561 0.032281 0.150563
3 0.272032 0.232807 0.023111 0.195341
3 0.244518 0.224949 0.019036 0.192082
4 0.092285 0.249275 0.024914 0.150495
3 0.900310 0.781681 0.135487 0.400563
3 0.027562 0.280785 0.016288 0.153379
4 0.115363 0.202491 0.012023 0.085597
4 0.126622 0.255043 0.027977 0.157184
4 0.170115 0.237261 0.034103 0.155990
4 0.222133 0.218097 0.028406 0.165375
4 0.410434 0.564497 0.157643 0.482816
4 0.521446 0.366561 0.068311 0.343020
4 0.472510 0.317807 0.045324 0.332440
4 0.431126 0.266118 0.047958 0.238481
4 0.396641 0.243208 0.043359 0.232594
4 0.373974 0.274334 0.057147 0.254915
