4 0.151990 0.244949 0.024437 0.166451
1 0.181975 0.232082 0.039427 0.160478
1 0.155239 0.249505 0.032176 0.171024
0 0.162333 0.168029 0.015773 0.043464
0 0.836613 0.336596 0.042691 0.110427
0 0.799170 0.405324 0.044008 0.137440
1 0.218917 0.227619 0.029914 0.174249
3 0.968469 0.510205 0.053025 0.158123
3 0.297686 0.241041 0.017834 0.218157
3 0.272013 0.252065 0.036718 0.190478
3 0.064933 0.239181 0.020744 0.124300
3 0.054184 0.265913 0.022319 0.148686
3 0.042381 0.274838 0.030716 0.156195
3 0.017595 0.257944 0.022004 0.105546
3 0.911727 0.764275 0.145744 0.386229
4 0.099976 0.247918 0.029475 0.132184
4 0.126923 0.321288 0.040258 0.242747
4 0.130324 0.241212 0.029943 0.141672
4 0.179928 0.231962 0.028845 0.164881
4 0.220076 0.224104 0.033015 0.157799
4 0.252801 0.219266 0.025029 0.180717
4 0.313531 0.249718 0.027882 0.240256
4 0.341093 0.265017 0.036746 0.243652
4 0.361837 0.269548 0.038330 0.273123
4 0.394466 0.303831 0.040229 0.287287
4 0.426469 0.310068 0.053550 0.288396
4 0.480267 0.342713 0.064046 0.342628
4 0.545654 0.315307 0.076689 0.234949
4 0.533779 0.715896 0.184752 0.568208
4 0.741498 0.521570 0.095248 0.404232
4 0.822290 0.599096 0.125458 0.460614
4 0.905057 0.497543 0.067653 0.243174
2 0.058392 0.280230 0.025086 0.171314
1 0.342863 0.261263 0.037615 0.231809
1 0.362128 0.284761 0.038969 0.283686
1 0.394986 0.294078 0.047586 0.253686
1 0.429203 0.320828 0.051670 0.294215
1 0.484494 0.356084 0.052576 0.329061
1 0.545224 0.372295 0.079761 0.314488
1 0.741007 0.521024 0.095181 0.402833
1 0.816694 0.596834 0.106956 0.468413
1 0.884671 0.612611 0.099704 0.414164
1 0.901135 0.790896 0.150172 0.388174
1 0.967953 0.520009 0.047700 0.127218
1 0.267634 0.247884 0.024924 0.200205
1 0.292109 0.254369 0.014962 0.208294
1 0.308197 0.242611 0.023569 0.244778
1 0.249733 0.231271 0.024466 0.178311
2 0.129327 0.192944 0.020983 0.068515
2 0.130468 0.325111 0.044256 0.221894
2 0.121116 0.194164 0.024637 0.067713
2 0.098311 0.232108 0.029198 0.132167
2 0.067977 0.237816 0.028740 0.107679
2 0.040377 0.263106 0.026460 0.156621
2 0.020763 0.254130 0.028282 0.106041
2 0.536031 0.695068 0.134847 0.574881
