4 0.514814 0.592935 0.139990 0.531331
3 0.132600 0.242841 0.029666 0.150563
3 0.095491 0.238157 0.024685 0.145870
3 0.116221 0.222910 0.016260 0.144454
4 0.244408 0.221510 0.014580 0.159812
4 0.232056 0.205648 0.026613 0.168874
4 0.173907 0.235384 0.030124 0.168311
4 0.427629 0.314138 0.043082 0.311075
4 0.393740 0.304224 0.029141 0.279915
4 0.373621 0.294309 0.031365 0.247628
4 0.351923 0.272210 0.027872 0.260085
4 0.336431 0.248703 0.030095 0.247065
4 0.308397 0.243882 0.023435 0.252167
3 0.288120 0.244735 0.022176 0.205137
3 0.261183 0.234821 0.029179 0.195512
4 0.487667 0.331980 0.060506 0.302594
3 0.071885 0.257150 0.021002 0.153857
3 0.052734 0.260461 0.022071 0.173481
3 0.040425 0.278490 0.016784 0.148686
3 0.024294 0.241433 0.016527 0.091468
3 0.268535 0.517193 0.081994 0.428959
2 0.140625 0.256468 0.040010 0.165256
2 0.016498 0.270469 0.018874 0.128857
2 0.030592 0.246664 0.023569 0.098038
2 0.043907 0.273968 0.026708 0.144249
2 0.058397 0.255759 0.025916 0.135853
2 0.073669 0.257867 0.026708 0.145666
2 0.098335 0.242457 0.033750 0.182082
2 0.119089 0.207449 0.029838 0.092440
2 0.285506 0.534480 0.127729 0.435580
2 0.516923 0.584198 0.159838 0.540614
1 0.350386 0.262073 0.035353 0.242338
1 0.365797 0.285973 0.038979 0.244778
1 0.392085 0.294898 0.032624 0.277201
1 0.424260 0.314343 0.039876 0.280427
1 0.232557 0.210196 0.019943 0.159676
1 0.247285 0.225998 0.015868 0.165341
1 0.260420 0.230051 0.030382 0.209113
1 0.289203 0.238166 0.026288 0.188038
1 0.308469 0.242611 0.025830 0.230990
1 0.334981 0.248294 0.031718 0.218020
1 0.484761 0.335819 0.061183 0.295836
1 0.543678 0.274633 0.047586 0.103737
1 0.770057 0.568848 0.093359 0.461997
1 0.902629 0.771092 0.145506 0.380068
1 0.952257 0.517807 0.068006 0.126399
1 0.173865 0.234104 0.035802 0.155614
0 0.470735 0.192696 0.037443 0.085768
0 0.848440 0.368908 0.042681 0.175017
3 0.902471 0.784070 0.149618 0.375273
4 0.776355 0.572637 0.122023 0.453532
4 0.546503 0.351962 0.055811 0.272355
4 0.941250 0.574010 0.080286 0.209659
