3 0.020129 0.287534 0.025468 0.165205
0 0.483545 0.209138 0.030219 0.106911
0 0.795887 0.414718 0.051889 0.128038
3 0.840735 0.560836 0.116660 0.478020
3 0.324427 0.253771 0.033893 0.245290
0 0.839571 0.354224 0.049924 0.126877
3 0.299051 0.249573 0.025658 0.216416
3 0.081522 0.277679 0.037261 0.156348
3 0.059094 0.273259 0.023569 0.177440
0 0.178755 0.164505 0.014456 0.052867
1 0.163292 0.239770 0.030134 0.195887
3 0.940448 0.540469 0.051240 0.202986
2 0.479719 0.654932 0.151078 0.536109
2 0.237948 0.432654 0.117023 0.327014
2 0.062018 0.643814 0.121555 0.335068
2 0.151741 0.511928 0.098750 0.314642
2 0.143607 0.246536 0.024580 0.168123
2 0.120639 0.237090 0.019294 0.152065
2 0.085663 0.234497 0.026422 0.120427
2 0.076422 0.263294 0.030115 0.129863
2 0.055711 0.263319 0.019800 0.160051
2 0.010043 0.234991 0.010296 0.071280
2 0.020344 0.258831 0.013989 0.116126
2 0.033278 0.261903 0.016632 0.126058
1 0.902257 0.787500 0.147242 0.410290
1 0.949332 0.513925 0.054198 0.176212
1 0.833831 0.568217 0.136307 0.461177
1 0.663316 0.464940 0.088674 0.409300
1 0.502376 0.349420 0.054752 0.336860
1 0.456679 0.290683 0.037767 0.252662
1 0.424108 0.322986 0.032853 0.317270
1 0.393726 0.298993 0.030105 0.296724
1 0.376760 0.274531 0.030105 0.245819
1 0.346651 0.259838 0.033397 0.245819
1 0.324213 0.255922 0.026823 0.228191
1 0.302037 0.254454 0.031746 0.225256
1 0.275763 0.234437 0.031756 0.177201
1 0.251131 0.180102 0.016422 0.095939
1 0.224585 0.206049 0.026823 0.167389
1 0.193111 0.222150 0.032844 0.164573
3 0.909318 0.787090 0.143464 0.408959
3 0.144862 0.501297 0.129399 0.340683
3 0.051245 0.618183 0.102490 0.325410
4 0.243115 0.460401 0.094017 0.368003
4 0.253631 0.293208 0.052910 0.173754
4 0.120181 0.239727 0.025134 0.161604
4 0.143216 0.241365 0.034714 0.176280
4 0.169676 0.240956 0.040191 0.165700
4 0.198640 0.217705 0.028788 0.151826
4 0.222156 0.198976 0.019160 0.133788
4 0.255224 0.179812 0.026002 0.093823
4 0.277352 0.212850 0.024628 0.158259
4 0.472505 0.695529 0.153788 0.504676
4 0.643950 0.458703 0.088359 0.403174
4 0.345000 0.277056 0.028740 0.286331
4 0.376932 0.285171 0.028731 0.268464
4 0.390157 0.305154 0.034208 0.288874
4 0.421178 0.317799 0.039685 0.304369
4 0.451970 0.321860 0.050181 0.325631
4 0.507824 0.359044 0.048855 0.354061
