2 0.122233 0.228737 0.036107 0.151604
2 0.105320 0.229753 0.022052 0.122372
2 0.084599 0.235529 0.027748 0.133925
2 0.056469 0.273942 0.033073 0.156348
2 0.036512 0.254906 0.022052 0.114215
2 0.021875 0.259667 0.026231 0.122372
0 0.394862 0.172730 0.021021 0.066962
0 0.438545 0.187995 0.022987 0.069300
0 0.486503 0.198567 0.032185 0.111604
0 0.841212 0.351877 0.044008 0.117474
0 0.799170 0.397099 0.051889 0.142150
2 0.534671 0.710896 0.129399 0.538345
2 0.726722 0.643908 0.121231 0.501809
2 0.121093 0.366058 0.071842 0.212799
3 0.042395 0.240956 0.012901 0.144096
3 0.206207 0.238703 0.021403 0.192491
3 0.016741 0.267133 0.013845 0.158157
3 0.906837 0.788106 0.141403 0.365802
3 0.273087 0.242645 0.033044 0.198123
3 0.056083 0.276416 0.019513 0.156485
3 0.031851 0.252782 0.011966 0.139590
3 0.077013 0.242927 0.024866 0.128891
4 0.105243 0.232346 0.029189 0.114215
4 0.843287 0.558814 0.107948 0.405990
4 0.720830 0.627108 0.123168 0.467457
4 0.540396 0.725862 0.150582 0.548276
4 0.565029 0.334317 0.083073 0.243106
4 0.520119 0.355904 0.062490 0.322321
4 0.457400 0.330614 0.054742 0.330478
4 0.413607 0.304096 0.046527 0.306826
4 0.372099 0.290230 0.042882 0.301928
4 0.343359 0.274727 0.031927 0.274198
4 0.321236 0.262090 0.030563 0.260324
4 0.240243 0.222108 0.044742 0.190154
4 0.180029 0.237201 0.035630 0.190990
4 0.160205 0.259676 0.026002 0.185188
4 0.127820 0.243771 0.026002 0.172935
4 0.916493 0.509078 0.077300 0.233447
4 0.123922 0.382005 0.074847 0.265205
3 0.297691 0.251365 0.026927 0.205154
3 0.976718 0.535230 0.046221 0.114863
1 0.163311 0.239838 0.018931 0.167014
1 0.182886 0.225239 0.017624 0.175188
1 0.206384 0.243925 0.033282 0.205529
1 0.237385 0.231084 0.019580 0.179846
1 0.272948 0.245085 0.029370 0.217201
1 0.301665 0.243916 0.026765 0.233532
1 0.318306 0.269019 0.023502 0.267389
1 0.344084 0.274266 0.029370 0.263891
1 0.366923 0.285939 0.038502 0.277884
1 0.407390 0.323285 0.048941 0.319915
1 0.451765 0.341962 0.048950 0.317577
1 0.513764 0.351297 0.068521 0.336246
1 0.563330 0.352517 0.092080 0.275444
1 0.825711 0.574804 0.107681 0.421451
1 0.891627 0.629659 0.103769 0.381775
1 0.902395 0.773217 0.125305 0.381758
1 0.969113 0.552713 0.061775 0.211297
